5 625 4315.513184 108.313660 3176.897217 1 2100 1 4255 3064 4378 3220 1 30 1 24 1 1 2 0.000000 -1 0 0 
5 623 4210.638184 118.692459 3132.373779 10 55 2 4133 3046 4289 3174 1 30 1 24 1 1 2 0.000000 -1 0 0 
5 649 4302.749023 103.498718 3146.538818 1 2100 1 4202 3048 4324 3164 1 30 1 24 1 1 2 0.000000 -1 0 0 
5 508 5494.795898 80.816658 3514.130615 10 55 1 5368 3506 5533 3555 1 30 1 24 1 1 2 0.000000 -1 0 0 
5 508 5557.612793 97.000000 3453.458984 8 55 1 5531 3412 5597 3478 1 30 1 24 1 1 2 0.000000 -1 0 0 
5 509 5492.791992 74.999992 3450.396484 10 55 1 5480 3367 5524 3528 1 30 1 24 1 1 2 0.000000 -1 0 0 
5 510 5324.061523 44.496620 3401.037354 10 55 1 5234 3375 5409 3424 1 30 1 24 1 1 2 0.000000 -1 0 0 
5 510 5446.615234 54.570877 3393.162109 10 55 1 5345 3346 5468 3450 1 30 1 24 1 1 2 0.000000 -1 0 0 
5 511 5402.577637 54.000000 3386.313477 1 2100 1 5338 3334 5459 3458 1 30 1 24 1 1 2 0.000000 -1 0 0 
5 800 5248.749512 42.598339 3396.182373 6 120 0 5248 3369 5276 3432 1 30 1 24 1 1 2 0.000000 -1 0 0 
5 817 5241.152832 41.868713 3397.072754 1 180 0 5240 3370 5264 3435 1 30 1 24 1 1 2 0.000000 -1 0 0 
5 800 5188.350098 63.158951 3378.324219 12 120 0 5183 3355 5200 3401 1 30 1 24 1 1 2 0.000000 -1 0 0 
5 817 5177.450684 73.449020 3376.297119 2 180 0 5176 3352 5196 3403 1 30 1 24 1 1 2 0.000000 -1 0 0 
5 827 5153.416016 92.299118 3361.672607 1 240 0 5143 3357 5165 3373 1 30 1 24 1 1 2 0.000000 -1 0 0 
5 800 5521.252441 83.435242 3557.991699 3 120 0 5504 3547 5535 3566 1 30 1 24 1 1 2 0.000000 -1 0 0 
5 548 5685.911621 85.000175 3305.385498 8 55 1 5660 3283 5775 3328 1 30 1 24 1 1 2 0.000000 -1 0 0 
5 548 5686.163086 85.000000 3436.716797 8 55 1 5671 3431 5781 3466 1 30 1 24 1 1 2 0.000000 -1 0 0 
5 549 5729.711426 106.000000 3389.710938 8 55 1 5704 3364 5776 3417 1 30 1 24 1 1 2 0.000000 -1 0 0 
5 550 5813.287598 85.000000 3348.475098 8 55 1 5762 3309 5836 3372 1 30 1 24 1 1 2 0.000000 -1 0 0 
5 550 5816.647461 85.000000 3454.498047 8 55 1 5794 3385 5840 3476 1 30 1 24 1 1 2 0.000000 -1 0 0 
5 551 5738.826660 106.000000 3395.647705 1 2100 1 5672 3309 5835 3459 1 30 1 24 1 1 2 0.000000 -1 0 0 
5 618 3830.517578 32.623260 3614.009033 5 55 1 3804 3547 3911 3665 1 30 1 24 1 1 2 0.000000 -1 0 0 
5 619 3941.947510 31.222580 3667.709717 5 55 1 3894 3634 4056 3690 1 30 1 24 1 1 2 0.000000 -1 0 0 
5 502 4391.910156 16.000000 4060.220215 8 55 1 4352 3996 4427 4109 1 30 1 24 1 1 2 0.000000 -1 0 0 
5 569 4603.256348 60.112244 3867.879395 8 55 0 4575 3857 4649 3906 1 30 1 24 1 1 2 0.000000 -1 0 0 
5 570 4547.708008 63.559177 3940.930908 8 55 1 4509 3879 4566 3964 1 30 1 24 1 1 2 0.000000 -1 0 0 
5 571 4506.929688 60.044022 3891.904297 1 2100 1 4490 3854 4795 3897 1 30 1 24 1 1 2 0.000000 -1 0 0 
5 690 4544.701660 60.915798 3909.052979 1 60 0 4544 3908 4551 3914 1 30 1 24 1 1 2 0.000000 -1 0 0 
5 404 5073.765137 54.897396 3867.346436 8 55 1 5048 3840 5125 3930 1 30 1 24 1 1 2 0.000000 -1 0 0 
5 406 5067.454590 51.442413 3780.008545 8 55 1 4983 3739 5088 3804 1 30 1 24 1 1 2 0.000000 -1 0 0 
5 407 5074.774902 51.202877 3813.407471 1 2100 1 4908 3766 5173 3862 1 30 1 24 1 1 2 0.000000 -1 0 0 
5 513 5001.066406 53.249855 4087.396973 8 55 1 4985 4016 5036 4174 1 30 1 24 1 1 2 0.000000 -1 0 0 
5 514 4934.217773 55.000000 3970.339844 8 55 1 4898 3907 5005 3991 1 30 1 24 1 1 2 0.000000 -1 0 0 
5 514 5044.394531 55.000000 3963.630371 8 55 1 5002 3903 5100 4000 1 30 1 24 1 1 2 0.000000 -1 0 0 
5 515 4985.981445 54.999996 3976.085205 1 2100 1 4945 3910 5072 4036 1 30 1 24 1 1 2 0.000000 -1 0 0 
5 568 4682.883789 60.000000 3877.025146 8 55 1 4656 3852 4719 3924 1 30 1 24 1 1 2 0.000000 -1 0 0 
5 568 4782.762695 60.000000 3868.079834 8 55 1 4715 3839 4804 3892 1 30 1 24 1 1 2 0.000000 -1 0 0 
5 405 5133.503906 62.504425 3918.093018 6 55 1 5099 3887 5164 4000 1 30 1 24 1 1 2 0.000000 -1 0 0 
5 406 5133.306152 62.627228 3861.489014 8 55 1 5094 3763 5185 3900 1 30 1 24 1 1 2 0.000000 -1 0 0 
5 516 5190.408691 74.831543 3993.752441 8 55 1 5163 3870 5232 4023 1 30 1 24 1 1 2 0.000000 -1 0 0 
5 516 5226.990234 75.241943 3820.449951 8 55 1 5187 3778 5309 3864 1 30 1 24 1 1 2 0.000000 -1 0 0 
5 517 5223.573730 75.109749 3880.541260 8 55 1 5186 3843 5259 3917 1 30 1 24 1 1 2 0.000000 -1 0 0 
5 518 5285.768066 75.051498 3992.377441 8 55 1 5227 3957 5321 4043 1 30 1 24 1 1 2 0.000000 -1 0 0 
5 518 5279.396484 75.104362 3869.818604 8 55 1 5252 3805 5327 3916 1 30 1 24 1 1 2 0.000000 -1 0 0 
5 519 5243.729004 75.210503 3950.980957 1 2100 1 5197 3852 5323 4008 1 30 1 24 1 1 2 0.000000 -1 0 0 
5 800 5611.137207 74.941429 3676.276123 3 120 0 5606 3658 5617 3690 1 30 1 24 1 1 2 0.000000 -1 0 0 
5 800 5574.552734 75.000000 3615.651367 2 120 0 5564 3596 5581 3622 1 30 1 24 1 1 2 0.000000 -1 0 0 
5 1021 5576.158691 75.015381 3904.148193 1 1 0 5575 3903 5583 3911 1 30 1 24 1 1 8 0.000000 -1 0 0 
5 107 5932.208496 77.863152 3821.023682 10 55 1 5904 3788 5965 3871 1 30 1 24 1 1 2 0.000000 -1 0 0 
5 107 5877.305176 67.494415 3777.094971 10 55 1 5865 3752 5926 3837 1 30 1 24 1 1 2 0.000000 -1 0 0 
5 108 5891.663086 63.437447 3721.060547 10 55 1 5858 3690 5926 3762 1 30 1 24 1 1 2 0.000000 -1 0 0 
5 109 5774.165039 59.999996 3672.966064 10 55 1 5748 3626 5815 3708 1 30 1 24 1 1 2 0.000000 -1 0 0 
5 109 5869.496582 53.108643 3657.937988 10 55 1 5819 3618 5900 3717 1 30 1 24 1 1 2 0.000000 -1 0 0 
5 109 5828.344238 94.070366 3955.799561 10 55 1 5772 3934 5874 3974 1 30 1 24 1 1 2 0.000000 -1 0 0 
5 110 5850.743652 51.877235 3662.746826 1 2100 1 5748 3623 5908 3709 1 30 1 24 1 1 2 0.000000 -1 0 0 
5 504 5745.962891 105.683304 4053.744385 8 55 1 5720 3982 5769 4076 1 30 1 24 1 1 2 0.000000 -1 0 0 
5 540 6140.582520 88.383575 3925.438721 10 55 1 6071 3891 6188 3946 1 30 1 24 1 1 2 0.000000 -1 0 0 
5 540 5982.252441 95.438202 3917.450439 10 55 1 5956 3863 6009 4015 1 30 1 24 1 1 2 0.000000 -1 0 0 
5 541 6042.588379 92.714691 3933.922852 10 55 1 5982 3908 6063 3994 1 30 1 24 1 1 2 0.000000 -1 0 0 
5 543 6102.189941 122.426453 4049.316895 1 2100 1 6034 3994 6193 4156 1 30 1 24 1 1 2 0.000000 -1 0 0 
5 589 6051.378906 123.402679 3719.500977 2 55 0 6034 3701 6073 3740 1 30 1 24 1 1 2 0.000000 -1 0 0 
5 589 6117.100098 108.699203 3704.084229 2 55 0 6103 3694 6141 3734 1 30 1 24 1 1 2 0.000000 -1 0 0 
5 589 6087.370117 88.424835 3845.781006 2 55 0 6076 3830 6117 3869 1 30 1 24 1 1 2 0.000000 -1 0 0 
5 589 6137.545898 98.527573 3780.036377 2 55 0 6119 3763 6158 3802 1 30 1 24 1 1 2 0.000000 -1 0 0 
5 589 6055.673340 87.023743 3798.203613 2 55 0 6044 3766 6085 3805 1 30 1 24 1 1 2 0.000000 -1 0 0 
5 590 6082.117188 87.168503 3839.087402 2 55 0 6077 3829 6117 3868 1 30 1 24 1 1 2 0.000000 -1 0 0 
5 590 6128.032227 96.484695 3780.254639 2 55 0 6118 3763 6158 3800 1 30 1 24 1 1 2 0.000000 -1 0 0 
5 590 6045.894531 127.987900 3716.925049 2 55 0 6035 3703 6074 3743 1 30 1 24 1 1 2 0.000000 -1 0 0 
5 590 6119.277832 108.699203 3712.523193 2 55 0 6103 3695 6140 3733 1 30 1 24 1 1 2 0.000000 -1 0 0 
5 590 6051.582520 88.049530 3794.994873 2 55 0 6046 3765 6085 3805 1 30 1 24 1 1 2 0.000000 -1 0 0 
5 591 6134.274414 99.797577 3773.947021 1 55 1 6119 3762 6158 3800 1 30 1 24 1 1 2 0.000000 -1 0 0 
5 591 6077.267578 87.024536 3841.161133 1 55 1 6076 3830 6118 3869 1 30 1 24 1 1 2 0.000000 -1 0 0 
5 591 6054.646484 122.094681 3716.228271 1 55 1 6035 3703 6073 3740 1 30 1 24 1 1 2 0.000000 -1 0 0 
5 591 6124.177734 108.699203 3710.345215 1 55 1 6103 3694 6142 3734 1 30 1 24 1 1 2 0.000000 -1 0 0 
5 591 6057.525391 85.872314 3793.639404 1 55 1 6046 3765 6085 3806 1 30 1 24 1 1 2 0.000000 -1 0 0 
5 592 6095.714355 101.630997 3768.650635 1 2100 1 6042 3720 6136 3845 1 30 1 24 1 1 2 0.000000 -1 0 0 
5 844 6073.208984 105.806091 3758.172852 1 60 0 6061 3750 6084 3765 1 30 1 24 1 1 2 0.000000 -1 0 0 
5 845 5660.392578 109.318741 3710.030273 1 60 0 5655 3707 5667 3717 1 30 1 24 1 1 2 0.000000 -1 0 0 
4 10387 6594.889160 100.000000 3798.036865 1 120 0 6592 3796 6598 3800 1 30 1 24 1 1 2 0.000000 -1 0 0 
4 18129 6159.900879 100.614380 3806.011475 5 60 0 6156 3804 6175 3818 1 30 1 24 1 1 2 0.000000 -1 0 0 
4 18132 6595.661621 112.780220 3739.904785 1 240 0 6592 3736 6597 3740 1 30 1 24 1 1 2 0.000000 -1 0 0 
4 18153 6598.129883 112.760727 3733.507568 1 180 0 6596 3732 6603 3739 1 30 1 24 1 1 2 0.000000 -1 0 0 
4 18134 6468.356445 114.792145 3608.502197 1 60 0 6466 3607 6474 3614 1 30 1 24 1 1 2 0.000000 -1 0 0 
4 18137 6629.474121 114.544182 3709.709717 1 60 0 6628 3708 6632 3715 1 30 1 24 1 1 2 0.000000 -1 0 0 
4 18152 6173.074219 100.090317 3802.115234 1 180 0 6172 3800 6179 3805 1 30 1 24 1 1 2 0.000000 -1 0 0 
4 18183 6194.041504 116.569626 3835.512695 1 180 0 6192 3832 6199 3836 1 30 1 24 1 1 2 0.000000 -1 0 0 
4 18183 6537.333008 114.643829 3665.645996 1 180 0 6536 3664 6541 3668 1 30 1 24 1 1 2 0.000000 -1 0 0 
5 308 6470.898438 153.189606 3916.377686 5 55 1 6324 3831 6600 4014 1 30 1 24 1 1 2 0.000000 -1 0 0 
5 308 6309.053711 143.289185 3607.472656 5 55 1 6145 3490 6398 3628 1 30 1 24 1 1 2 0.000000 -1 0 0 
5 309 6405.411133 168.303452 3833.402832 5 55 1 6291 3693 6447 3956 1 30 1 24 1 1 2 0.000000 -1 0 0 
5 310 6259.375977 190.812836 3634.649658 5 55 1 6154 3544 6301 3737 1 30 1 24 1 1 2 0.000000 -1 0 0 
5 310 6280.576660 110.700302 3818.669922 5 55 1 6247 3700 6368 3840 1 30 1 24 1 1 2 0.000000 -1 0 0 
5 311 6299.637695 180.691269 3756.250977 1 2100 1 6208 3588 6348 3888 1 30 1 24 1 1 2 0.000000 -1 0 0 
5 524 6632.371582 114.645134 3647.068115 10 60 1 6608 3620 6656 3668 1 30 1 24 1 1 2 0.000000 -1 0 0 
5 524 6588.200195 114.644997 3612.503906 10 60 1 6564 3588 6612 3636 1 30 1 24 1 1 2 0.000000 -1 0 0 
5 525 6584.501465 114.644104 3643.096680 10 60 0 6540 3616 6608 3680 1 30 1 24 1 1 2 0.000000 -1 0 0 
5 526 6599.197266 114.643829 3704.895020 10 60 1 6572 3680 6620 3728 1 30 1 24 1 1 2 0.000000 -1 0 0 
5 526 6495.500000 115.276253 3641.935059 10 60 1 6468 3607 6555 3673 1 30 1 24 1 1 2 0.000000 -1 0 0 
5 527 6564.978027 108.243851 3686.437256 1 2100 1 6531 3619 6650 3721 1 30 1 24 1 1 2 0.000000 -1 0 0 
5 542 6158.166504 121.096634 4071.519775 10 55 1 6126 4004 6224 4092 1 30 1 24 1 1 2 0.000000 -1 0 0 
5 589 6156.553711 108.811829 3845.902100 2 55 0 6147 3826 6187 3865 1 30 1 24 1 1 2 0.000000 -1 0 0 
5 590 6162.738770 107.723114 3839.444336 2 55 0 6147 3825 6185 3865 1 30 1 24 1 1 2 0.000000 -1 0 0 
5 591 6152.944824 107.490936 3842.465332 1 55 1 6146 3827 6185 3865 1 30 1 24 1 1 2 0.000000 -1 0 0 
5 811 6586.858398 114.644180 3609.918701 3 60 0 6573 3598 6600 3623 1 30 1 24 1 1 2 0.000000 -1 0 0 
5 812 6594.012695 112.751434 3731.665039 5 240 0 6589 3727 6609 3744 1 30 1 24 1 1 2 0.000000 -1 0 0 
5 813 6498.058594 114.643829 3611.739990 3 180 1 6489 3605 6508 3624 1 30 1 24 1 1 2 0.000000 -1 0 0 
5 814 6635.658203 114.649368 3687.724121 3 180 1 6625 3680 6643 3693 1 30 1 24 1 1 2 0.000000 -1 0 0 
4 6070 7378.156738 160.392319 3875.539307 8 300 0 7352 3840 7411 3896 1 30 1 24 1 1 2 0.000000 -1 0 0 
4 10387 7474.045898 89.544434 3965.163574 1 60 0 7472 3964 7477 3970 1 30 1 24 1 1 2 0.000000 -1 0 0 
4 10387 7235.444336 111.894760 4015.898193 1 60 0 7232 4012 7239 4020 1 30 1 24 1 1 2 0.000000 -1 0 0 
5 25 7186.045410 106.187370 3602.219971 8 55 0 7160 3590 7208 3624 1 30 1 24 1 1 2 0.000000 -1 0 0 
5 26 7205.143555 109.380623 3644.610352 8 55 0 7184 3625 7220 3656 1 30 1 24 1 1 2 0.000000 -1 0 0 
5 26 7217.335449 109.411148 3607.465332 8 55 1 7192 3597 7229 3628 1 30 1 24 1 1 2 0.000000 -1 0 0 
5 28 7186.966797 125.380730 3776.389160 8 55 1 7171 3740 7208 3808 1 30 1 24 1 1 2 0.000000 -1 0 0 
5 32 7321.000000 85.024490 3994.000000 8 55 1 7296 3968 7344 4016 1 30 1 24 1 1 2 0.000000 -1 0 0 
5 32 7438.000000 85.237244 3958.000000 8 55 1 7412 3932 7460 3980 1 30 1 24 1 1 2 0.000000 -1 0 0 
5 36 7239.401855 154.656219 3862.845947 8 55 1 7200 3851 7258 3894 1 30 1 24 1 1 2 0.000000 -1 0 0 
5 36 7264.826660 155.691895 3908.638428 8 55 1 7218 3885 7288 3939 1 30 1 24 1 1 2 0.000000 -1 0 0 
5 37 7168.232422 150.866974 3877.182373 8 55 1 7144 3855 7208 3900 1 30 1 24 1 1 2 0.000000 -1 0 0 
5 40 7466.913086 153.787994 4073.258545 8 55 1 7440 4048 7488 4096 1 30 1 24 1 1 2 0.000000 -1 0 0 
5 60 7330.685059 144.306000 4070.544189 8 55 1 7282 4049 7356 4078 1 30 1 24 1 1 2 0.000000 -1 0 0 
5 60 7264.699707 149.709259 4071.478760 8 55 1 7243 4059 7288 4092 1 30 1 24 1 1 2 0.000000 -1 0 0 
5 88 7302.761719 108.218536 3618.176270 8 55 1 7276 3587 7310 3640 1 30 1 24 1 1 2 0.000000 -1 0 0 
5 88 7196.145996 116.835037 3701.512451 8 55 1 7172 3676 7220 3724 1 30 1 24 1 1 2 0.000000 -1 0 0 
5 88 7290.929199 118.708893 3678.760010 8 55 1 7264 3667 7315 3700 1 30 1 24 1 1 2 0.000000 -1 0 0 
5 89 7344.234863 126.145737 3702.884521 8 55 1 7320 3676 7368 3724 1 30 1 24 1 1 2 0.000000 -1 0 0 
5 89 7341.455078 111.761894 3624.289307 8 55 1 7316 3600 7364 3648 1 30 1 24 1 1 2 0.000000 -1 0 0 
5 90 7378.221191 126.254570 3689.097168 8 55 1 7376 3655 7416 3706 1 30 1 24 1 1 2 0.000000 -1 0 0 
5 90 7381.341309 107.398621 3602.732666 8 55 1 7356 3576 7408 3620 1 30 1 24 1 1 2 0.000000 -1 0 0 
5 91 7425.569336 125.719849 3646.679932 1 2100 1 7282 3591 7448 3693 1 30 1 24 1 1 2 0.000000 -1 0 0 
5 304 7409.565918 173.037842 4045.086182 8 80 0 7362 3967 7479 4069 1 30 1 24 1 1 2 0.000000 -1 0 0 
5 750 7274.079102 116.975967 3694.980957 1 120 0 7270 3690 7284 3702 1 30 1 24 1 1 2 0.000000 -1 0 0 
5 811 7381.859375 131.872574 3724.881104 3 60 0 7370 3714 7391 3729 1 30 1 24 1 1 2 0.000000 -1 0 0 
5 811 7366.629883 154.090668 3906.588623 3 60 0 7357 3893 7388 3917 1 30 1 24 1 1 2 0.000000 -1 0 0 
5 1021 8383.476563 100.000000 3782.192383 1 1 0 8380 3780 8387 3785 1 30 1 24 1 1 8 0.000000 -1 0 0 
5 1021 8415.224609 140.053207 3976.511475 1 1 0 8412 3976 8417 3979 1 30 1 24 1 1 8 0.000000 -1 0 0 
5 811 8253.741211 101.705093 4050.039551 5 60 2 8230 4030 8284 4054 1 30 1 24 1 1 2 0.000000 -1 0 0 
5 812 8295.216797 100.000000 4029.986816 2 180 1 8288 4021 8316 4052 1 30 1 24 1 1 2 0.000000 -1 0 0 
5 1021 8276.210938 100.000000 3799.325928 1 1 0 8276 3796 8279 3800 1 30 1 24 1 1 8 0.000000 -1 0 0 
5 1021 8281.377930 100.000000 3799.125732 1 1 0 8280 3796 8285 3800 1 30 1 24 1 1 8 0.000000 -1 0 0 
5 1021 8462.335938 100.000000 3742.279053 1 1 0 8460 3740 8464 3744 1 30 1 24 1 1 8 0.000000 -1 0 0 
5 1021 8465.948242 100.000000 3777.566895 1 1 0 8464 3776 8470 3781 1 30 1 24 1 1 8 0.000000 -1 0 0 
5 1021 8343.626953 100.000000 3874.151367 1 1 0 8340 3864 8345 3877 1 30 1 24 1 1 8 0.000000 -1 0 0 
5 1021 8343.809570 100.000000 3867.754883 1 1 0 8340 3864 8345 3869 1 30 1 24 1 1 8 0.000000 -1 0 0 
5 1021 8458.827148 100.000008 3854.347412 1 1 0 8456 3852 8460 3857 1 30 1 24 1 1 8 0.000000 -1 0 0 
5 1021 8466.974609 100.000000 3854.717529 1 1 0 8464 3852 8469 3856 1 30 1 24 1 1 8 0.000000 -1 0 0 
5 1021 8465.035156 100.000000 3596.484375 1 1 0 8464 3596 8468 3599 1 30 1 24 1 1 8 0.000000 -1 0 0 
5 1021 8513.120117 100.000000 3834.435547 1 1 0 8512 3832 8517 3837 1 30 1 24 1 1 8 0.000000 -1 0 0 
5 300 8893.948242 131.036072 3685.673096 5 55 1 8836 3613 8990 3807 1 30 1 24 1 1 2 0.000000 -1 0 0 
5 300 8770.197266 157.646057 3955.405518 5 55 1 8606 3939 8842 4073 1 30 1 24 1 1 2 0.000000 -1 0 0 
5 301 8825.413086 127.191620 3875.657471 5 55 1 8745 3756 8933 3934 1 30 1 24 1 1 2 0.000000 -1 0 0 
5 302 8850.837891 125.306213 4045.037109 5 55 1 8694 4008 8945 4139 1 30 1 24 1 1 2 0.000000 -1 0 0 
5 302 9038.732422 159.372757 3698.277344 5 55 1 8929 3655 9118 3860 1 30 1 24 1 1 2 0.000000 -1 0 0 
5 303 8890.659180 152.014557 3886.189453 1 2100 1 8767 3717 9036 4016 1 30 1 24 1 1 2 0.000000 -1 0 0 
5 585 9164.559570 81.153229 3927.306396 2 55 0 9156 3902 9191 3937 1 30 1 24 1 1 2 0.000000 -1 0 0 
5 585 9182.563477 81.005836 3986.379395 2 55 0 9172 3973 9206 4002 1 30 1 24 1 1 2 0.000000 -1 0 0 
5 585 9129.417969 80.621689 3979.317627 2 55 0 9115 3961 9145 3994 1 30 1 24 1 1 2 0.000000 -1 0 0 
5 585 9064.822266 88.041824 4006.760254 2 55 0 9056 3996 9091 4028 1 30 1 24 1 1 2 0.000000 -1 0 0 
5 585 9091.153320 74.488632 4068.425049 2 55 0 9078 4059 9110 4090 1 30 1 24 1 1 2 0.000000 -1 0 0 
5 586 9165.150391 81.169876 3931.220703 2 55 0 9156 3901 9189 3936 1 30 1 24 1 1 2 0.000000 -1 0 0 
5 586 9187.909180 81.032883 3985.172607 2 55 0 9173 3975 9204 4001 1 30 1 24 1 1 2 0.000000 -1 0 0 
5 586 9127.031250 80.411713 3971.181152 2 55 0 9113 3961 9145 3993 1 30 1 24 1 1 2 0.000000 -1 0 0 
5 586 9086.681641 75.397522 4068.309814 2 55 0 9076 4058 9110 4088 1 30 1 24 1 1 2 0.000000 -1 0 0 
5 586 9070.235352 87.435455 4007.219727 2 55 0 9057 3998 9089 4028 1 30 1 24 1 1 2 0.000000 -1 0 0 
5 587 9074.049805 88.698120 4018.078613 1 55 1 9058 3998 9089 4028 1 30 1 24 1 1 2 0.000000 -1 0 0 
5 587 9120.767578 81.181648 3977.523926 1 55 1 9112 3963 9145 3993 1 30 1 24 1 1 2 0.000000 -1 0 0 
5 587 9189.349609 81.051895 3980.660156 1 55 1 9174 3975 9206 4003 1 30 1 24 1 1 2 0.000000 -1 0 0 
5 587 9161.217773 81.147247 3924.672363 1 55 1 9157 3903 9189 3938 1 30 1 24 1 1 2 0.000000 -1 0 0 
5 588 9132.904297 81.163712 3959.569824 1 2100 1 9113 3928 9195 4004 1 30 1 24 1 1 2 0.000000 -1 0 0 
4 18115 9504.402344 84.392441 3920.217041 5 180 0 9504 3920 9509 3926 1 30 1 24 1 1 2 0.000000 -1 0 0 
4 18116 9326.710938 60.327103 3967.135986 5 180 0 9323 3960 9334 3975 1 30 1 24 1 1 2 0.000000 -1 0 0 
5 52 9552.288086 96.645386 4052.036133 8 55 0 9528 4028 9576 4075 1 30 1 24 1 1 2 0.000000 -1 0 0 
5 52 9494.783203 96.731033 4043.452881 8 55 0 9468 4006 9513 4064 1 30 1 24 1 1 2 0.000000 -1 0 0 
5 80 9288.310547 98.492668 3752.406738 8 55 0 9264 3728 9312 3776 1 30 1 24 1 1 2 0.000000 -1 0 0 
5 80 9386.887695 83.235222 3815.716309 8 55 0 9360 3788 9408 3836 1 30 1 24 1 1 2 0.000000 -1 0 0 
5 80 9295.736328 76.094360 3845.397949 8 55 0 9268 3820 9316 3868 1 30 1 24 1 1 2 0.000000 -1 0 0 
5 81 9334.379883 59.946747 3996.971680 8 55 0 9308 3972 9356 4020 1 30 1 24 1 1 2 0.000000 -1 0 0 
5 81 9333.881836 59.770264 3925.428467 8 55 0 9308 3883 9366 3948 1 30 1 24 1 1 2 0.000000 -1 0 0 
5 81 9437.186523 76.326599 3845.672607 8 55 0 9377 3826 9460 3878 1 30 1 24 1 1 2 0.000000 -1 0 0 
5 82 9391.538086 74.588959 3952.449707 8 55 0 9364 3900 9408 3976 1 30 1 24 1 1 2 0.000000 -1 0 0 
5 82 9526.421875 91.317703 3954.102295 8 55 0 9496 3909 9540 3976 1 30 1 24 1 1 2 0.000000 -1 0 0 
5 83 9452.158203 78.179169 3938.120850 1 2100 1 9428 3912 9476 3960 1 30 1 24 1 1 2 0.000000 -1 0 0 
4 18178 4059.527588 59.026848 4463.182129 1 60 0 4056 4460 4061 4466 1 30 1 24 1 1 2 0.000000 -1 0 0 
4 18169 3841.578125 59.000000 4408.767090 1 60 0 3840 4408 3846 4413 1 30 1 24 1 1 2 0.000000 -1 0 0 
4 18182 4044.555420 62.572807 4563.514648 1 240 0 4041 4560 4047 4564 1 30 1 24 1 1 2 0.000000 -1 0 0 
5 538 4088.920654 57.293182 4452.924805 8 55 1 4031 4415 4104 4495 1 30 1 24 1 1 2 0.000000 -1 0 0 
5 572 3645.537354 56.144318 4594.542480 2 55 0 3629 4562 3681 4605 1 30 1 24 1 1 2 0.000000 -1 0 0 
5 573 3641.486084 55.823975 4592.599121 2 55 0 3628 4563 3680 4606 1 30 1 24 1 1 2 0.000000 -1 0 0 
5 575 3647.120117 56.120499 4590.672363 1 55 1 3629 4560 3683 4604 1 30 1 24 1 1 2 0.000000 -1 0 0 
5 1021 3884.066895 59.000004 4302.056641 1 1 0 3884 4295 3888 4303 1 30 1 24 1 1 8 0.000000 -1 0 0 
5 687 4060.086182 65.199951 4381.228516 1 60 0 4056 4376 4070 4390 1 30 1 24 1 1 2 0.000000 -1 0 0 
5 841 3895.334961 59.000004 4276.104980 1 60 0 3892 4276 3899 4284 1 30 1 24 1 1 2 0.000000 -1 0 0 
5 846 3679.093018 59.000000 4537.395020 1 300 1 3675 4535 3685 4545 1 30 1 24 1 1 8 0.000000 -1 0 0 
5 1021 3718.984619 60.799995 4536.914063 1 1 0 3716 4536 3720 4543 1 30 1 24 1 1 8 0.000000 -1 0 0 
5 1021 3719.503906 59.000000 4533.393066 1 1 0 3716 4532 3721 4537 1 30 1 24 1 1 8 0.000000 -1 0 0 
5 1021 3895.066162 58.516865 4300.686035 1 1 0 3892 4292 3900 4303 1 30 1 24 1 1 2 0.000000 -1 0 0 
5 1021 3964.296631 59.000000 4425.026367 1 1 0 3963 4424 3965 4429 1 30 1 24 1 1 8 0.000000 -1 0 0 
5 1021 3971.303467 59.000000 4424.764160 1 1 0 3968 4424 3972 4429 1 30 1 24 1 1 8 0.000000 -1 0 0 
5 1021 3963.905762 59.000000 4439.090820 1 1 0 3960 4436 3965 4440 1 30 1 24 1 1 8 0.000000 -1 0 0 
5 1021 3971.568115 59.000000 4439.089844 1 1 0 3968 4436 3972 4440 1 30 1 24 1 1 8 0.000000 -1 0 0 
5 1021 3827.678955 59.310596 4471.771484 1 1 0 3824 4468 3829 4475 1 30 1 24 1 1 2 0.000000 -1 0 0 
5 1021 3712.783447 59.000000 4528.167480 1 1 0 3712 4528 3716 4533 1 30 1 24 1 1 8 0.000000 -1 0 0 
5 1021 3706.155762 59.499958 4531.320313 1 1 0 3704 4528 3708 4534 1 30 1 24 1 1 8 0.000000 -1 0 0 
4 18182 4528.714355 15.000000 4373.160645 1 240 0 4528 4372 4534 4376 1 30 1 24 1 1 2 0.000000 -1 0 0 
4 18182 4305.426270 47.443409 4549.109863 1 60 0 4304 4548 4310 4554 1 30 1 24 1 1 2 0.000000 -1 0 0 
5 500 4532.846680 19.304590 4217.590820 8 55 1 4458 4162 4556 4240 1 30 1 24 1 1 2 0.000000 -1 0 0 
5 500 4470.651855 12.000000 4308.959961 8 55 1 4444 4234 4531 4332 1 30 1 24 1 1 2 0.000000 -1 0 0 
5 501 4398.528809 12.000000 4357.703125 8 55 1 4344 4332 4461 4459 1 30 1 24 1 1 2 0.000000 -1 0 0 
5 501 4397.763184 16.000000 4159.448242 8 55 1 4342 4103 4446 4188 1 30 1 24 1 1 2 0.000000 -1 0 0 
5 501 4400.331055 15.874084 4252.091797 8 55 0 4354 4210 4452 4340 1 30 1 24 1 1 2 0.000000 -1 0 0 
5 502 4246.199707 16.027664 4487.527344 8 55 1 4220 4433 4390 4508 1 30 1 24 1 1 2 0.000000 -1 0 0 
5 503 4426.954102 21.874207 4285.009766 1 2100 1 4349 4157 4516 4381 1 30 1 24 1 1 2 0.000000 -1 0 0 
5 536 4215.008301 65.000000 4175.981445 8 55 1 4179 4129 4236 4228 1 30 1 24 1 1 2 0.000000 -1 0 0 
5 536 4230.171875 47.668533 4292.373047 8 55 1 4204 4226 4251 4332 1 30 1 24 1 1 2 0.000000 -1 0 0 
5 537 4186.417480 53.402618 4357.029297 8 55 1 4149 4332 4208 4408 1 30 1 24 1 1 2 0.000000 -1 0 0 
5 537 4140.458496 61.074982 4428.682617 8 55 1 4116 4404 4179 4505 1 30 1 24 1 1 2 0.000000 -1 0 0 
5 538 4180.673828 62.000004 4582.525391 8 55 1 4159 4557 4283 4615 1 30 1 24 1 1 2 0.000000 -1 0 0 
5 539 4217.028320 49.038864 4290.302246 1 2100 1 4172 4190 4270 4357 1 30 1 24 1 1 2 0.000000 -1 0 0 
4 18182 4894.244141 85.784492 4320.796387 1 240 0 4892 4320 4896 4324 1 30 1 24 1 1 2 0.000000 -1 0 0 
4 18182 4651.702637 92.292427 4162.761719 1 240 0 4648 4160 4655 4165 1 30 1 24 1 1 2 0.000000 -1 0 0 
5 512 5051.028809 65.009125 4297.957031 8 55 1 4988 4269 5131 4344 1 30 1 24 1 1 2 0.000000 -1 0 0 
5 512 5009.142090 59.679802 4193.964355 8 55 0 4999 4168 5048 4290 1 30 1 24 1 1 2 0.000000 -1 0 0 
5 568 4864.431152 85.000000 4117.191895 8 55 1 4783 4100 4888 4137 1 30 1 24 1 1 2 0.000000 -1 0 0 
5 568 4844.183105 73.000000 4356.713379 8 55 1 4791 4329 4878 4380 1 30 1 24 1 1 2 0.000000 -1 0 0 
5 569 4752.700684 85.049835 4097.211914 8 55 1 4719 4053 4799 4139 1 30 1 24 1 1 2 0.000000 -1 0 0 
5 569 4727.941406 73.000000 4360.135742 8 55 1 4700 4328 4796 4384 1 30 1 24 1 1 2 0.000000 -1 0 0 
5 570 4750.382324 85.472549 4196.395996 8 55 1 4724 4153 4801 4220 1 30 1 24 1 1 2 0.000000 -1 0 0 
5 570 4690.123535 85.297638 4103.209961 8 55 1 4664 4065 4725 4144 1 30 1 24 1 1 2 0.000000 -1 0 0 
4 18183 5149.041504 67.200546 4339.415039 1 180 0 5148 4336 5152 4340 1 30 1 24 1 1 2 0.000000 -1 0 0 
4 18183 5483.797363 83.037224 4167.340820 1 180 0 5480 4164 5484 4168 1 30 1 24 1 1 2 0.000000 -1 0 0 
5 112 5336.686523 70.000000 4179.493164 8 55 1 5312 4142 5446 4200 1 30 1 24 1 1 2 0.000000 -1 0 0 
5 112 5378.816406 70.000000 4259.333008 8 55 1 5330 4213 5447 4300 1 30 1 24 1 1 2 0.000000 -1 0 0 
5 113 5274.015137 69.999992 4244.306152 8 55 1 5261 4181 5347 4293 1 30 1 24 1 1 2 0.000000 -1 0 0 
5 114 5212.003906 66.984245 4314.670410 8 55 1 5188 4282 5310 4336 1 30 1 24 1 1 2 0.000000 -1 0 0 
5 114 5166.007813 69.651550 4257.863770 8 55 1 5140 4227 5262 4280 1 30 1 24 1 1 2 0.000000 -1 0 0 
5 115 5146.648438 64.999992 4308.321777 1 2100 1 5120 4225 5332 4332 1 30 1 24 1 1 2 0.000000 -1 0 0 
5 504 5594.517578 83.414917 4157.716309 8 55 1 5570 4126 5639 4213 1 30 1 24 1 1 2 0.000000 -1 0 0 
5 505 5470.621094 83.037224 4201.984375 8 55 1 5439 4142 5558 4224 1 30 1 24 1 1 2 0.000000 -1 0 0 
5 506 5497.614258 70.787300 4283.362305 8 55 1 5459 4226 5543 4359 1 30 1 24 1 1 2 0.000000 -1 0 0 
5 506 5616.537598 74.035629 4285.035645 8 55 1 5507 4241 5635 4312 1 30 1 24 1 1 2 0.000000 -1 0 0 
5 507 5482.481934 70.081787 4287.394531 1 2100 1 5456 4152 5620 4308 1 30 1 24 1 1 2 0.000000 -1 0 0 
5 818 5350.276367 111.990051 4412.018066 1 480 0 5342 4407 5360 4422 1 30 1 24 1 1 2 0.000000 -1 0 0 
4 6069 7415.841797 149.662506 4284.814453 2 180 0 7412 4283 7421 4289 1 30 1 24 1 1 2 0.000000 -1 0 0 
4 6071 7585.730469 151.162323 4126.050781 8 300 0 7545 4103 7625 4163 1 30 1 24 1 1 2 0.000000 -1 0 0 
4 10387 7676.560059 161.339890 4228.637695 1 120 0 7676 4228 7681 4234 1 30 1 24 1 1 2 0.000000 -1 0 0 
5 40 7419.411621 143.882629 4123.387207 8 55 1 7392 4096 7440 4144 1 30 1 24 1 1 2 0.000000 -1 0 0 
5 41 7490.211426 150.353073 4128.054688 8 55 0 7432 4086 7512 4152 1 30 1 24 1 1 2 0.000000 -1 0 0 
5 42 7381.870605 142.435562 4227.992188 8 55 1 7366 4189 7423 4250 1 30 1 24 1 1 2 0.000000 -1 0 0 
5 42 7432.239258 139.207962 4189.003418 8 55 1 7408 4152 7522 4212 1 30 1 24 1 1 2 0.000000 -1 0 0 
5 43 7425.562012 151.628403 4280.689453 1 2100 1 7382 4147 7459 4304 1 30 1 24 1 1 2 0.000000 -1 0 0 
5 44 7550.973145 150.625900 4150.388672 8 55 1 7510 4127 7573 4194 1 30 1 24 1 1 2 0.000000 -1 0 0 
5 44 7588.667969 154.708344 4113.788574 8 55 1 7564 4088 7622 4148 1 30 1 24 1 1 2 0.000000 -1 0 0 
5 45 7602.507813 168.294983 4221.761230 8 55 1 7577 4189 7630 4274 1 30 1 24 1 1 2 0.000000 -1 0 0 
5 45 7620.839844 153.030121 4170.598633 10 55 1 7596 4123 7675 4192 1 30 1 24 1 1 2 0.000000 -1 0 0 
5 61 7224.404297 147.534241 4118.244141 8 55 1 7200 4086 7265 4140 1 30 1 24 1 1 2 0.000000 -1 0 0 
5 62 7188.810547 151.894104 4162.924316 8 55 1 7164 4136 7212 4184 1 30 1 24 1 1 2 0.000000 -1 0 0 
5 62 7250.134766 140.626678 4195.445801 8 55 1 7224 4168 7272 4216 1 30 1 24 1 1 2 0.000000 -1 0 0 
5 63 7210.652832 147.762512 4198.950195 1 2100 1 7182 4113 7267 4220 1 30 1 24 1 1 2 0.000000 -1 0 0 
5 800 7504.775879 157.623047 4213.988281 6 60 6 7495 4212 7525 4232 1 30 1 24 1 1 2 0.000000 -1 0 0 
5 811 7254.603516 134.768463 4179.824707 3 60 0 7247 4168 7264 4186 1 30 1 24 1 1 2 0.000000 -1 0 0 
5 811 7473.662598 149.090561 4109.509277 3 60 0 7463 4099 7487 4120 1 30 1 24 1 1 2 0.000000 -1 0 0 
5 811 7367.928223 141.687027 4279.926758 3 60 0 7360 4264 7388 4289 1 30 1 24 1 1 2 0.000000 -1 0 0 
5 811 7613.144043 165.763916 4210.993652 3 60 0 7600 4198 7625 4219 1 30 1 24 1 1 2 0.000000 -1 0 0 
5 817 7514.719727 157.694412 4227.474121 3 240 0 7512 4224 7523 4232 1 30 1 24 1 1 2 0.000000 -1 0 0 
4 18127 7941.250000 130.352478 4348.386230 5 60 0 7935 4339 7951 4354 1 30 1 24 1 1 2 0.000000 -1 0 0 
4 18152 7952.597656 130.268539 4355.585938 1 180 0 7952 4352 7957 4358 1 30 1 24 1 1 2 0.000000 -1 0 0 
5 44 7868.307129 159.789383 4298.425293 8 55 0 7842 4273 7880 4320 1 30 1 24 1 1 2 0.000000 -1 0 0 
5 46 7716.361816 138.267670 4170.822266 8 55 1 7655 4114 7740 4192 1 30 1 24 1 1 2 0.000000 -1 0 0 
5 46 7743.213379 119.432861 4118.715332 8 55 1 7718 4071 7772 4140 1 30 1 24 1 1 2 0.000000 -1 0 0 
5 304 8023.504395 154.870483 4308.788574 5 55 1 7987 4231 8088 4332 1 30 1 24 1 1 2 0.000000 -1 0 0 
5 304 7999.018555 138.653580 4192.048828 5 55 1 7941 4133 8020 4216 1 30 1 24 1 1 2 0.000000 -1 0 0 
5 305 8074.682617 164.986603 4203.164063 5 55 1 8048 4152 8124 4258 1 30 1 24 1 1 2 0.000000 -1 0 0 
5 306 8063.021973 159.929428 4109.227051 5 55 0 8036 4066 8169 4145 1 30 1 24 1 1 2 0.000000 -1 0 0 
5 306 8190.714844 152.661682 4125.112793 5 55 1 8108 4112 8217 4179 1 30 1 24 1 1 2 0.000000 -1 0 0 
5 307 8141.192871 167.016876 4179.019043 1 2100 1 8014 4048 8226 4271 1 30 1 24 1 1 2 0.000000 -1 0 0 
5 800 7793.469238 214.329559 4491.979492 12 120 0 7787 4477 7810 4502 1 30 1 24 1 1 2 0.000000 -1 0 0 
5 817 7801.089355 214.035004 4498.994141 3 180 0 7789 4481 7814 4506 1 30 1 24 1 1 2 0.000000 -1 0 0 
5 47 7704.152832 152.397888 4187.552734 1 2100 1 7621 4097 7727 4184 1 30 1 24 1 1 2 0.000000 -1 0 0 
5 56 9019.233398 67.369499 4121.818848 8 55 0 8992 4096 9066 4146 1 30 1 24 1 1 2 0.000000 -1 0 0 
5 56 9104.875000 78.595146 4269.400879 8 55 0 9080 4244 9128 4292 1 30 1 24 1 1 2 0.000000 -1 0 0 
5 56 9006.328125 80.920868 4178.280273 8 55 0 8980 4152 9028 4200 1 30 1 24 1 1 2 0.000000 -1 0 0 
5 57 9091.968750 66.739311 4185.427246 8 55 0 9064 4157 9100 4228 1 30 1 24 1 1 2 0.000000 -1 0 0 
5 57 8930.874023 75.556183 4171.036621 8 55 0 8901 4147 8962 4192 1 30 1 24 1 1 2 0.000000 -1 0 0 
5 57 9021.724609 70.504265 4238.763184 8 55 0 8995 4212 9044 4259 1 30 1 24 1 1 2 0.000000 -1 0 0 
5 57 9045.258789 79.238312 4305.388672 8 55 0 9011 4280 9057 4345 1 30 1 24 1 1 2 0.000000 -1 0 0 
5 58 8861.287109 81.280296 4342.129883 8 55 0 8836 4316 8884 4364 1 30 1 24 1 1 2 0.000000 -1 0 0 
5 58 8863.421875 78.611481 4200.250488 8 55 0 8836 4176 8884 4224 1 30 1 24 1 1 2 0.000000 -1 0 0 
5 58 8949.904297 81.746170 4354.674316 8 55 0 8924 4328 8972 4376 1 30 1 24 1 1 2 0.000000 -1 0 0 
5 59 8727.671875 133.820618 4378.351074 1 2100 1 8700 4344 8743 4400 1 30 1 24 1 1 2 0.000000 -1 0 0 
5 72 9122.569336 80.801224 4330.677734 8 55 0 9084 4307 9144 4346 1 30 1 24 1 1 2 0.000000 -1 0 0 
5 72 9193.017578 78.990601 4367.590820 8 55 0 9179 4357 9219 4377 1 30 1 24 1 1 2 0.000000 -1 0 0 
5 72 9165.112305 73.232132 4167.528320 8 55 0 9140 4140 9188 4188 1 30 1 24 1 1 2 0.000000 -1 0 0 
5 556 8927.587891 81.272072 4336.214355 3 2100 0 8779 4157 9204 4425 1 30 1 24 1 1 2 0.000000 -1 0 0 
5 843 9050.503906 69.849899 4186.004395 1 60 0 9047 4179 9059 4192 1 30 1 24 1 1 2 0.000000 -1 0 0 
5 52 9518.931641 97.529144 4119.886230 8 55 0 9508 4056 9540 4133 1 30 1 24 1 1 2 0.000000 -1 0 0 
5 53 9565.388672 87.625595 4162.279785 8 55 0 9551 4136 9588 4186 1 30 1 24 1 1 2 0.000000 -1 0 0 
5 53 9572.743164 92.069603 4102.458496 8 55 0 9557 4080 9592 4118 1 30 1 24 1 1 2 0.000000 -1 0 0 
5 54 9634.428711 89.868454 4210.744629 8 55 0 9608 4187 9657 4227 1 30 1 24 1 1 2 0.000000 -1 0 0 
5 55 9704.357422 90.167038 4262.367188 1 2100 1 9686 4244 9728 4284 1 30 1 24 1 1 2 0.000000 -1 0 0 
5 72 9263.763672 77.130882 4191.443848 2 55 0 9254 4174 9279 4194 1 30 1 24 1 1 2 0.000000 -1 0 0 
5 72 9301.291992 75.680878 4226.456055 2 55 0 9290 4214 9313 4236 1 30 1 24 1 1 2 0.000000 -1 0 0 
5 73 9334.321289 81.617188 4399.901855 9 55 0 9285 4382 9356 4413 1 30 1 24 1 1 2 0.000000 -1 0 0 
5 73 9358.511719 80.210747 4337.476074 8 55 0 9343 4302 9380 4366 1 30 1 24 1 1 2 0.000000 -1 0 0 
5 74 9418.935547 80.971245 4400.486816 8 55 0 9392 4376 9440 4424 1 30 1 24 1 1 2 0.000000 -1 0 0 
5 74 9401.677734 80.978676 4353.972168 8 55 0 9391 4330 9419 4395 1 30 1 24 1 1 2 0.000000 -1 0 0 
5 74 9444.460938 81.263062 4488.618164 8 55 0 9438 4464 9468 4526 1 30 1 24 1 1 2 0.000000 -1 0 0 
5 75 9409.694336 80.871925 4446.315918 1 2100 1 9391 4420 9432 4465 1 30 1 24 1 1 2 0.000000 -1 0 0 
5 572 3702.305908 59.064095 4754.983887 2 55 0 3683 4728 3724 4768 1 30 1 24 1 1 2 0.000000 -1 0 0 
5 572 3692.172363 51.383606 4680.043457 2 55 0 3670 4659 3714 4688 1 30 1 24 1 1 2 0.000000 -1 0 0 
5 572 3706.014648 60.882675 4818.265137 2 55 0 3687 4802 3737 4833 1 30 1 24 1 1 2 0.000000 -1 0 0 
5 572 3755.251953 59.061829 4876.511719 2 55 0 3742 4862 3786 4898 1 30 1 24 1 1 2 0.000000 -1 0 0 
5 572 3690.104980 59.000004 4868.588379 2 55 0 3673 4859 3715 4886 1 30 1 24 1 1 2 0.000000 -1 0 0 
5 572 3623.285400 59.583893 4823.149902 2 55 0 3610 4805 3649 4841 1 30 1 24 1 1 2 0.000000 -1 0 0 
5 573 3703.421387 62.119644 4819.929199 2 55 0 3687 4800 3737 4834 1 30 1 24 1 1 2 0.000000 -1 0 0 
5 573 3683.843018 49.382004 4678.717285 2 55 0 3669 4658 3712 4689 1 30 1 24 1 1 2 0.000000 -1 0 0 
5 573 3699.906494 60.213577 4748.739746 2 55 0 3682 4731 3727 4768 1 30 1 24 1 1 2 0.000000 -1 0 0 
5 573 3761.770996 59.321320 4877.142090 2 55 0 3743 4862 3785 4897 1 30 1 24 1 1 2 0.000000 -1 0 0 
5 573 3681.252197 59.000000 4869.694824 2 55 0 3675 4859 3713 4885 1 30 1 24 1 1 2 0.000000 -1 0 0 
5 573 3633.882813 59.749268 4821.780762 2 55 0 3611 4806 3650 4841 1 30 1 24 1 1 2 0.000000 -1 0 0 
5 575 3766.088379 59.148972 4866.656250 12 55 1 3741 4860 3787 4897 1 30 1 24 1 1 2 0.000000 -1 0 0 
5 575 3629.828857 59.663406 4821.862793 1 55 1 3610 4806 3651 4840 1 30 1 24 1 1 2 0.000000 -1 0 0 
5 575 3697.341064 54.264633 4671.558105 1 55 1 3670 4657 3715 4690 1 30 1 24 1 1 2 0.000000 -1 0 0 
5 575 3705.203857 59.662445 4749.806641 1 55 1 3683 4731 3726 4768 1 30 1 24 1 1 2 0.000000 -1 0 0 
5 575 3702.745117 59.494781 4816.553711 1 55 1 3686 4803 3737 4832 1 30 1 24 1 1 2 0.000000 -1 0 0 
5 575 3686.370361 59.000000 4863.608398 1 55 1 3674 4858 3713 4885 1 30 1 24 1 1 2 0.000000 -1 0 0 
5 576 3664.284424 59.908112 4805.499023 1 2100 1 3581 4757 3753 4875 1 30 1 24 1 1 2 0.000000 -1 0 0 
5 528 8142.450684 128.020401 2061.244629 10 55 1 8065 2036 8164 2087 1 30 1 24 1 1 2 0.000000 -1 0 0 
5 529 8178.752441 147.058243 2199.000732 5 55 1 8137 2143 8224 2233 1 30 1 24 1 1 2 0.000000 -1 0 0 
5 530 7957.403809 102.631042 2059.045410 10 55 1 7932 2032 8013 2131 1 30 1 24 1 1 2 0.000000 -1 0 0 
5 530 7981.418457 101.113968 2193.367432 10 55 1 7945 2147 8018 2251 1 30 1 24 1 1 2 0.000000 -1 0 0 
5 531 7968.179688 102.480621 2152.115479 1 2100 1 7937 2008 8027 2248 1 30 1 24 1 1 2 0.000000 -1 0 0 
5 553 8075.835449 90.200356 2550.363037 10 55 1 8015 2524 8096 2591 1 30 1 24 1 1 2 0.000000 -1 0 0 
5 554 8008.311523 94.121437 2518.447510 10 55 1 7984 2492 8050 2560 1 30 1 24 1 1 2 0.000000 -1 0 0 
5 554 8133.875488 96.027229 2544.552490 10 55 1 8106 2524 8165 2585 1 30 1 24 1 1 2 0.000000 -1 0 0 
5 555 8126.147949 102.879761 2512.980225 1 2100 1 8019 2488 8148 2600 1 30 1 24 1 1 2 0.000000 -1 0 0 
5 811 8061.839355 94.583717 2519.230225 3 60 0 8059 2514 8084 2540 1 30 1 24 1 1 2 0.000000 -1 0 0 
5 811 7952.216309 100.231674 2214.093506 3 60 0 7951 2212 7976 2236 1 30 1 24 1 1 2 0.000000 -1 0 0 
5 85 8689.830078 142.669189 2544.209229 10 55 1 8642 2525 8746 2574 1 30 1 24 1 1 2 0.000000 -1 0 0 
5 86 8667.512695 144.667770 2494.731201 10 55 1 8640 2444 8727 2516 1 30 1 24 1 1 2 0.000000 -1 0 0 
5 92 8563.143555 90.237930 2155.402588 10 60 1 8522 2050 8630 2176 1 30 1 24 1 1 2 0.000000 -1 0 0 
5 92 8394.828125 101.381531 2075.315918 10 55 1 8368 2027 8521 2096 1 30 1 24 1 1 2 0.000000 -1 0 0 
5 554 8558.054688 106.146515 2507.431885 5 55 1 8554 2478 8580 2569 1 30 1 24 1 1 2 0.000000 -1 0 0 
5 554 8603.760742 106.665970 2346.833740 5 55 1 8596 2294 8624 2368 1 30 1 24 1 1 2 0.000000 -1 0 0 
5 581 8701.748047 96.957230 2086.704590 2 55 0 8691 2077 8729 2117 1 30 1 24 1 1 2 0.000000 -1 0 0 
5 583 8701.777344 95.419159 2096.476807 1 55 1 8690 2079 8731 2119 1 30 1 24 1 1 2 0.000000 -1 0 0 
5 811 8671.643555 155.275635 2413.285645 3 60 0 8667 2403 8686 2428 1 30 1 24 1 1 2 0.000000 -1 0 0 
5 811 8574.876953 107.885239 2446.995361 3 60 0 8563 2433 8596 2468 1 30 1 24 1 1 2 0.000000 -1 0 0 
5 842 8255.100586 171.762207 2274.156250 1 60 0 8246 2264 8262 2280 1 30 1 24 1 1 2 0.000000 -1 0 0 
5 86 8710.361328 161.957855 2426.766846 10 55 1 8656 2377 8732 2454 1 30 1 24 1 1 2 0.000000 -1 0 0 
5 87 8705.339844 157.312500 2440.322021 1 2100 1 8665 2371 8736 2589 1 30 1 24 1 1 2 0.000000 -1 0 0 
5 544 8935.250000 100.902130 2400.345703 10 55 1 8870 2349 8956 2424 1 30 1 24 1 1 2 0.000000 -1 0 0 
5 544 9067.979492 98.025421 2411.981689 10 55 1 8969 2365 9110 2432 1 30 1 24 1 1 2 0.000000 -1 0 0 
5 544 8807.680664 106.856384 2211.839600 4 55 1 8804 2169 8828 2327 1 30 1 24 1 1 2 0.000000 -1 0 0 
5 545 8941.961914 107.175262 2440.845459 10 55 1 8910 2416 8964 2492 1 30 1 24 1 1 2 0.000000 -1 0 0 
5 581 8785.232422 103.354965 2097.625000 2 55 0 8758 2091 8798 2129 1 30 1 24 1 1 2 0.000000 -1 0 0 
5 582 8709.606445 95.195297 2093.455078 2 55 0 8690 2078 8729 2116 1 30 1 24 1 1 2 0.000000 -1 0 0 
5 582 8776.500977 104.411453 2110.782227 2 55 0 8758 2091 8798 2129 1 30 1 24 1 1 2 0.000000 -1 0 0 
5 583 8780.792969 104.596413 2108.107422 1 55 1 8758 2091 8798 2128 1 30 1 24 1 1 2 0.000000 -1 0 0 
5 688 8779.899414 104.133141 2181.172852 1 60 0 8776 2178 8784 2184 1 30 1 24 1 1 2 0.000000 -1 0 0 
5 811 8734.788086 99.607269 2062.126953 3 60 0 8708 2036 8756 2084 1 30 1 24 1 1 2 0.000000 -1 0 0 
5 811 8991.643555 105.614502 2450.552490 3 60 0 8984 2444 9012 2472 1 30 1 24 1 1 2 0.000000 -1 0 0 
5 811 8729.044922 153.563919 2513.111084 3 60 0 8714 2497 8752 2529 1 30 1 24 1 1 2 0.000000 -1 0 0 
5 811 8809.609375 125.944321 2348.083008 3 60 0 8805 2324 8832 2353 1 30 1 24 1 1 2 0.000000 -1 0 0 
5 20 6922.861328 96.448418 2953.877197 18 60 0 6912 2928 6939 2992 1 30 1 24 1 1 2 0.000000 -1 0 0 
5 20 7054.159180 120.216133 2999.578613 18 60 0 7006 2986 7123 3018 1 30 1 24 1 1 2 0.000000 -1 0 0 
5 21 6944.535156 105.605148 2931.387207 18 60 0 6920 2916 6956 2970 1 30 1 24 1 1 2 0.000000 -1 0 0 
5 21 6705.906250 99.868195 3017.329834 18 60 0 6683 2995 6714 3037 1 30 1 24 1 1 2 0.000000 -1 0 0 
5 21 6919.694824 98.945320 2907.926025 18 60 0 6896 2894 6932 2925 1 30 1 24 1 1 2 0.000000 -1 0 0 
5 21 7140.717773 116.266129 3045.284180 10 60 0 7116 3020 7164 3068 1 30 1 24 1 1 2 0.000000 -1 0 0 
5 22 6866.989746 98.921242 2887.055176 18 60 0 6830 2883 6888 2908 1 30 1 24 1 1 2 0.000000 -1 0 0 
5 22 6773.881348 101.504532 3001.466064 18 60 0 6748 2976 6810 3018 1 30 1 24 1 1 2 0.000000 -1 0 0 
5 22 6738.485352 97.728050 2968.711914 10 55 0 6712 2944 6760 2992 1 30 1 24 1 1 2 0.000000 -1 0 0 
5 23 6718.738281 99.891129 3007.823486 1 2100 1 6696 2966 6792 3023 1 30 1 24 1 1 2 0.000000 -1 0 0 
5 22 7186.768066 105.289307 3001.303955 18 60 0 7160 2976 7208 3024 1 30 1 24 1 1 2 0.000000 -1 0 0 
4 6072 8162.841797 92.988876 2954.340576 10 60 0 8073 2909 8189 3015 1 30 1 24 1 1 2 0.000000 -1 0 0 
4 18143 7844.124512 84.187157 2760.880127 1 120 0 7843 2760 7846 2764 1 30 1 24 1 1 2 0.000000 -1 0 0 
4 18154 7833.900879 84.245560 2759.618164 1 180 0 7832 2756 7836 2760 1 30 1 24 1 1 2 0.000000 -1 0 0 
5 64 8017.442383 84.346130 2828.503906 10 55 1 7992 2804 8061 2892 1 30 1 24 1 1 2 0.000000 -1 0 0 
5 64 8069.150879 81.065445 2742.107666 10 55 1 8026 2717 8096 2787 1 30 1 24 1 1 2 0.000000 -1 0 0 
5 65 7997.656250 76.975327 2777.441895 10 55 1 7972 2749 8043 2800 1 30 1 24 1 1 2 0.000000 -1 0 0 
5 66 7967.813477 74.871719 2732.609131 10 55 1 7931 2708 7988 2778 1 30 1 24 1 1 2 0.000000 -1 0 0 
5 66 7923.746094 76.908516 2819.091553 10 55 1 7896 2790 7975 2840 1 30 1 24 1 1 2 0.000000 -1 0 0 
5 67 7861.473633 83.478043 2801.629150 1 2100 1 7836 2737 8050 2824 1 30 1 24 1 1 2 0.000000 -1 0 0 
5 69 8171.790039 84.944244 2771.804932 10 55 1 8142 2744 8192 2832 1 30 1 24 1 1 2 0.000000 -1 0 0 
5 70 8118.021484 84.883156 2750.672363 10 55 1 8094 2724 8140 2795 1 30 1 24 1 1 2 0.000000 -1 0 0 
5 70 8179.016113 85.747879 2663.101074 10 55 1 8152 2636 8212 2707 1 30 1 24 1 1 2 0.000000 -1 0 0 
5 71 8152.388672 84.809517 2711.952637 1 2100 1 8114 2639 8216 2782 1 30 1 24 1 1 2 0.000000 -1 0 0 
5 120 8156.740723 88.263603 3036.259277 10 55 1 8132 2995 8195 3077 1 30 1 24 1 1 2 0.000000 -1 0 0 
5 122 8096.322754 87.442749 2902.939453 10 55 1 8072 2839 8156 2924 1 30 1 24 1 1 2 0.000000 -1 0 0 
5 122 8105.360840 88.399918 3007.752197 10 55 1 8083 2948 8156 3028 1 30 1 24 1 1 2 0.000000 -1 0 0 
5 123 8058.298340 90.636887 2950.007813 1 2100 1 8020 2888 8190 2977 1 30 1 24 1 1 2 0.000000 -1 0 0 
5 400 7899.200684 79.861389 2722.622070 10 55 1 7842 2697 7935 2751 1 30 1 24 1 1 2 0.000000 -1 0 0 
5 400 7979.148926 78.560699 2672.293213 10 55 1 7952 2634 8026 2696 1 30 1 24 1 1 2 0.000000 -1 0 0 
5 401 7928.609863 79.126572 2684.002686 10 55 1 7893 2649 7959 2708 1 30 1 24 1 1 2 0.000000 -1 0 0 
5 402 7840.492676 80.384079 2693.809814 10 55 1 7816 2649 7904 2716 1 30 1 24 1 1 2 0.000000 -1 0 0 
5 402 7944.122070 82.540909 2602.462402 10 55 1 7920 2576 7993 2643 1 30 1 24 1 1 2 0.000000 -1 0 0 
5 403 7881.057617 83.872185 2644.814697 1 2100 1 7862 2590 7958 2700 1 30 1 24 1 1 2 0.000000 -1 0 0 
5 552 8101.828125 86.248184 2612.231689 10 55 1 8076 2573 8172 2636 1 30 1 24 1 1 2 0.000000 -1 0 0 
5 552 8043.207520 77.359863 2623.851074 10 55 1 8023 2574 8078 2674 1 30 1 24 1 1 2 0.000000 -1 0 0 
5 811 8160.437012 93.057770 2951.530029 3 60 0 8153 2945 8172 2970 1 30 1 24 1 1 2 0.000000 -1 0 0 
5 811 8167.585449 85.299576 2811.923828 3 60 0 8162 2784 8188 2824 1 30 1 24 1 1 2 0.000000 -1 0 0 
5 811 8091.446289 83.018898 2647.887451 3 60 0 8064 2620 8098 2656 1 30 1 24 1 1 2 0.000000 -1 0 0 
5 816 7834.979980 85.211517 2758.608887 1 600 0 7826 2755 7844 2769 1 30 1 24 1 1 2 0.000000 -1 0 0 
5 812 7844.682129 84.031136 2752.157471 2 300 0 7820 2750 7848 2772 1 30 1 24 1 1 2 0.000000 -1 0 0 
5 68 8256.192383 82.262291 2815.599121 10 55 1 8232 2788 8290 2850 1 30 1 24 1 1 2 0.000000 -1 0 0 
5 68 8241.367188 83.656921 2744.359131 10 55 1 8207 2702 8255 2794 1 30 1 24 1 1 2 0.000000 -1 0 0 
5 84 8641.667969 141.351196 2582.741455 10 55 1 8609 2555 8677 2637 1 30 1 24 1 1 2 0.000000 -1 0 0 
5 105 8640.619141 143.269623 2677.314453 10 55 1 8581 2652 8705 2732 1 30 1 24 1 1 2 0.000000 -1 0 0 
5 105 8641.179688 139.583374 2800.316895 10 55 1 8591 2726 8727 2824 1 30 1 24 1 1 2 0.000000 -1 0 0 
5 106 8657.255859 141.869324 2752.189453 1 2100 1 8606 2696 8736 2815 1 30 1 24 1 1 2 0.000000 -1 0 0 
5 120 8580.957031 100.412193 2978.312988 10 55 1 8542 2930 8604 3072 1 30 1 24 1 1 2 0.000000 -1 0 0 
5 120 8397.017578 89.144836 2873.929199 10 55 1 8351 2848 8420 2927 1 30 1 24 1 1 2 0.000000 -1 0 0 
5 121 8204.284180 87.226700 2957.458008 10 55 1 8156 2932 8228 2999 1 30 1 24 1 1 2 0.000000 -1 0 0 
5 811 8675.905273 141.820282 2740.308594 3 60 0 8666 2716 8696 2750 1 30 1 24 1 1 2 0.000000 -1 0 0 
5 811 8471.772461 91.920303 2792.492432 3 60 0 8468 2788 8538 2816 1 30 1 24 1 1 2 0.000000 -1 0 0 
4 18157 8965.566406 163.806488 2911.456299 1 60 0 8964 2908 8969 2914 1 30 1 24 1 1 2 0.000000 -1 0 0 
5 84 8752.841797 143.251419 2585.271729 10 55 1 8728 2538 8771 2614 1 30 1 24 1 1 2 0.000000 -1 0 0 
5 103 8825.806641 147.167633 2880.590820 10 55 1 8800 2856 8848 2974 1 30 1 24 1 1 2 0.000000 -1 0 0 
5 103 8773.546875 143.666351 2683.767090 10 55 1 8748 2613 8813 2723 1 30 1 24 1 1 2 0.000000 -1 0 0 
5 104 8763.405273 141.940948 2734.308594 10 55 1 8738 2693 8809 2813 1 30 1 24 1 1 2 0.000000 -1 0 0 
5 529 8957.798828 151.058929 3047.720459 5 55 1 8932 3006 9011 3089 1 30 1 24 1 1 2 0.000000 -1 0 0 
5 546 8888.446289 130.092224 2608.669434 10 55 1 8811 2598 8939 2632 1 30 1 24 1 1 2 0.000000 -1 0 0 
5 546 8928.145508 135.192566 2658.215088 10 55 1 8904 2485 8961 2803 1 30 1 24 1 1 2 0.000000 -1 0 0 
5 547 8928.763672 140.708069 2697.392822 1 2100 1 8904 2448 8959 2820 1 30 1 24 1 1 2 0.000000 -1 0 0 
5 811 8846.452148 140.739365 2615.059326 3 60 0 8835 2610 8868 2625 1 30 1 24 1 1 2 0.000000 -1 0 0 
5 811 8906.110352 163.853699 2980.070068 3 60 0 8903 2956 8928 2987 1 30 1 24 1 1 2 0.000000 -1 0 0 
5 821 8961.754883 162.896561 2912.111816 2 180 0 8959 2907 8973 2916 1 30 1 24 1 1 2 0.000000 -1 0 0 
4 18106 6968.992676 100.000000 3192.691406 1 120 0 6968 3192 6972 3196 1 30 1 24 1 1 2 0.000000 -1 0 0 
4 18107 6969.878906 100.000000 3192.705811 1 120 0 6968 3192 6972 3198 1 30 1 24 1 1 2 0.000000 -1 0 0 
4 18108 6970.740723 100.000000 3192.708252 1 120 0 6968 3192 6975 3198 1 30 1 24 1 1 2 0.000000 -1 0 0 
4 18126 6952.756836 100.000000 3204.509277 5 240 0 6952 3204 6957 3209 1 30 1 24 1 1 2 0.000000 -1 0 0 
5 20 6711.442871 116.451866 3191.731445 18 60 0 6706 3177 6728 3220 1 30 1 24 1 1 2 0.000000 -1 0 0 
5 20 7133.263184 100.745926 3339.701660 18 60 0 7097 3305 7156 3360 1 30 1 24 1 1 2 0.000000 -1 0 0 
5 20 6839.459961 105.002609 3329.746582 18 60 0 6812 3304 6860 3352 1 30 1 24 1 1 2 0.000000 -1 0 0 
5 20 6893.732910 103.054291 3472.918457 18 60 0 6868 3448 6916 3496 1 30 1 24 1 1 2 0.000000 -1 0 0 
5 20 7053.456055 100.000000 3417.433594 18 60 0 7028 3392 7076 3440 1 30 1 24 1 1 2 0.000000 -1 0 0 
5 20 7013.977539 100.000000 3424.529541 18 60 0 6988 3400 7036 3448 1 30 1 24 1 1 2 0.000000 -1 0 0 
5 20 6851.166016 102.529137 3178.838379 18 60 0 6810 3158 6854 3243 1 30 1 24 1 1 2 0.000000 -1 0 0 
5 21 6802.625488 108.358429 3334.190918 18 60 0 6776 3308 6824 3356 1 30 1 24 1 1 2 0.000000 -1 0 0 
5 21 6774.682617 132.370071 3437.418701 18 60 0 6748 3412 6796 3460 1 30 1 24 1 1 2 0.000000 -1 0 0 
5 21 7146.319824 100.930573 3384.454834 18 60 0 7120 3360 7168 3408 1 30 1 24 1 1 2 0.000000 -1 0 0 
5 21 7038.018555 93.456505 3463.383301 18 60 0 7012 3436 7060 3484 1 30 1 24 1 1 2 0.000000 -1 0 0 
5 22 7062.695801 100.689728 3496.414063 18 60 0 7036 3472 7084 3520 1 30 1 24 1 1 2 0.000000 -1 0 0 
5 22 6900.113281 98.362396 3507.422363 18 60 0 6876 3480 6924 3528 1 30 1 24 1 1 2 0.000000 -1 0 0 
5 22 6790.679688 107.406204 3364.282471 18 60 0 6764 3346 6800 3388 1 30 1 24 1 1 2 0.000000 -1 0 0 
5 22 6733.183594 125.512657 3457.351807 10 55 0 6708 3432 6759 3490 1 30 1 24 1 1 2 0.000000 -1 0 0 
5 24 6733.146973 100.371231 3526.388672 15 55 0 6685 3480 6769 3539 1 30 1 24 1 1 2 0.000000 -1 0 0 
5 24 6729.242676 100.567719 3557.306152 15 55 0 6687 3531 6782 3581 1 30 1 24 1 1 2 0.000000 -1 0 0 
5 24 6864.937988 104.823990 3505.695313 15 55 0 6840 3480 6888 3528 1 30 1 24 1 1 2 0.000000 -1 0 0 
5 25 6671.677734 102.221161 3550.073975 15 55 1 6644 3503 6706 3572 1 30 1 24 1 1 2 0.000000 -1 0 0 
5 25 6870.226074 100.269646 3554.703125 15 55 1 6834 3514 6892 3575 1 30 1 24 1 1 2 0.000000 -1 0 0 
5 26 6670.322754 112.084991 3582.335938 15 55 1 6659 3541 6692 3628 1 30 1 24 1 1 2 0.000000 -1 0 0 
5 96 7112.354980 100.051056 3483.913818 10 55 0 7088 3456 7136 3504 1 30 1 24 1 1 2 0.000000 -1 0 0 
5 96 7153.267578 99.937935 3480.853027 12 55 0 7128 3456 7176 3504 1 30 1 24 1 1 2 0.000000 -1 0 0 
5 96 7065.607422 102.371346 3517.698730 12 55 0 7057 3492 7088 3552 1 30 1 24 1 1 2 0.000000 -1 0 0 
5 97 7106.373535 101.561722 3549.209961 10 55 0 7080 3524 7128 3572 1 30 1 24 1 1 2 0.000000 -1 0 0 
5 97 7148.118164 99.106461 3527.966309 10 55 0 7124 3500 7172 3548 1 30 1 24 1 1 2 0.000000 -1 0 0 
5 98 7155.575195 100.088722 3571.956543 12 55 0 7115 3548 7176 3592 1 30 1 24 1 1 2 0.000000 -1 0 0 
5 304 6909.214355 107.157242 3397.583984 8 80 0 6853 3372 6932 3434 1 30 1 24 1 1 2 0.000000 -1 0 0 
5 304 6977.846680 116.751534 3574.407471 8 80 0 6952 3548 7025 3614 1 30 1 24 1 1 2 0.000000 -1 0 0 
5 1021 6872.385254 100.000000 3243.037598 1 1 0 6872 3240 6876 3244 1 30 1 24 1 1 8 0.000000 -1 0 0 
5 1021 6965.546387 100.000000 3212.694092 1 1 0 6964 3212 6968 3217 1 30 1 24 1 1 8 0.000000 -1 0 0 
5 1021 6957.083008 100.000000 3378.455078 1 1 0 6956 3376 6960 3380 1 30 1 24 1 1 8 0.000000 -1 0 0 
5 751 6962.748535 100.000000 3157.697998 1 120 0 6958 3153 6971 3168 1 30 1 24 1 1 2 0.000000 -1 0 0 
5 811 6983.760254 100.000000 3446.354980 3 60 0 6980 3442 6993 3452 1 30 1 24 1 1 2 0.000000 -1 0 0 
5 811 6931.802246 99.702896 3481.949707 3 60 0 6921 3478 6944 3492 1 30 1 24 1 1 2 0.000000 -1 0 0 
5 811 7166.154785 98.544395 3512.050537 3 60 0 7154 3503 7174 3518 1 30 1 24 1 1 2 0.000000 -1 0 0 
5 1021 6962.111328 100.011703 3378.158203 1 1 0 6960 3376 6965 3380 1 30 1 24 1 1 8 0.000000 -1 0 0 
5 1021 7157.009277 100.380783 3191.540527 1 1 0 7152 3188 7159 3194 1 30 1 24 1 1 8 0.000000 -1 0 0 
5 1021 7163.142090 100.216972 3191.885010 1 1 0 7160 3188 7164 3193 1 30 1 24 1 1 8 0.000000 -1 0 0 
5 1021 7162.377930 100.000000 3284.849609 1 1 0 7160 3284 7165 3285 1 30 1 24 1 1 8 0.000000 -1 0 0 
5 1021 7156.361816 100.000000 3284.799316 1 1 0 7156 3284 7159 3286 1 30 1 24 1 1 8 0.000000 -1 0 0 
5 1021 7123.659180 100.000000 3283.973145 1 1 0 7120 3280 7124 3285 1 30 1 24 1 1 2 0.000000 -1 0 0 
5 1021 7087.319824 100.000000 3241.546631 1 1 0 7084 3240 7089 3246 1 30 1 24 1 1 8 0.000000 -1 0 0 
5 1021 6918.181152 100.000000 3201.628418 1 1 0 6916 3200 6922 3205 1 30 1 24 1 1 8 0.000000 -1 0 0 
5 1021 6953.977051 100.000000 3243.119629 1 1 0 6952 3240 6958 3248 1 30 1 24 1 1 8 0.000000 -1 0 0 
5 1021 7122.508301 100.000000 3203.718750 1 1 0 7120 3200 7124 3208 1 30 1 24 1 1 8 0.000000 -1 0 0 
5 20 7267.841797 103.990616 3323.716797 18 60 0 7240 3296 7288 3344 1 30 1 24 1 1 2 0.000000 -1 0 0 
5 20 7213.673828 99.664467 3478.525391 18 60 0 7188 3452 7236 3500 1 30 1 24 1 1 2 0.000000 -1 0 0 
5 20 7279.533203 167.495392 3427.368164 10 60 0 7252 3400 7300 3448 1 30 1 24 1 1 2 0.000000 -1 0 0 
5 21 7316.537109 107.319862 3331.459473 18 60 0 7276 3308 7347 3369 1 30 1 24 1 1 2 0.000000 -1 0 0 
5 21 7232.597168 98.631866 3512.310303 18 60 0 7208 3488 7256 3536 1 30 1 24 1 1 2 0.000000 -1 0 0 
5 22 7266.900879 100.000000 3479.468994 18 60 0 7246 3461 7286 3496 1 30 1 24 1 1 2 0.000000 -1 0 0 
5 22 7226.663574 101.061600 3394.087402 9 60 0 7213 3368 7248 3415 1 30 1 24 1 1 2 0.000000 -1 0 0 
5 24 7370.720703 106.436195 3357.656250 15 55 0 7330 3337 7392 3380 1 30 1 24 1 1 2 0.000000 -1 0 0 
5 98 7168.851074 98.210220 3549.753662 12 55 0 7144 3524 7192 3572 1 30 1 24 1 1 2 0.000000 -1 0 0 
5 99 7213.723145 106.728973 3560.098877 1 2100 1 7094 3522 7236 3584 1 30 1 24 1 1 2 0.000000 -1 0 0 
5 304 7244.447266 114.099976 3461.154297 8 80 0 7213 3421 7297 3494 1 30 1 24 1 1 2 0.000000 -1 0 0 
5 1021 7200.259766 100.000000 3282.039795 1 1 0 7200 3280 7206 3284 1 30 1 24 1 1 8 0.000000 -1 0 0 
5 1021 7206.384277 100.000000 3247.650391 1 1 0 7204 3244 7209 3251 1 30 1 24 1 1 8 0.000000 -1 0 0 
5 1021 7184.501953 100.000000 3224.238281 1 1 0 7184 3224 7187 3226 1 30 1 24 1 1 8 0.000000 -1 0 0 
5 120 8185.880859 90.757935 3086.532715 5 55 1 8160 3073 8259 3099 1 30 1 24 1 1 2 0.000000 -1 0 0 
4 18123 8474.385742 99.900009 3550.275146 1 240 0 8472 3548 8477 3552 1 30 1 24 1 1 2 0.000000 -1 0 0 
4 18128 8230.583984 95.295952 3129.064209 5 60 0 8222 3122 8239 3134 1 30 1 24 1 1 2 0.000000 -1 0 0 
4 18152 8220.570313 95.307869 3121.339844 1 180 0 8219 3119 8223 3123 1 30 1 24 1 1 2 0.000000 -1 0 0 
5 44 8423.403320 93.477982 3377.126465 8 55 1 8374 3326 8458 3418 1 30 1 24 1 1 2 0.000000 -1 0 0 
5 45 8483.244141 101.363403 3284.006348 8 55 1 8458 3218 8511 3328 1 30 1 24 1 1 2 0.000000 -1 0 0 
5 45 8444.251953 100.028130 3280.269287 8 55 1 8362 3229 8463 3311 1 30 1 24 1 1 2 0.000000 -1 0 0 
5 46 8505.207031 96.311043 3328.652588 8 55 1 8432 3304 8522 3385 1 30 1 24 1 1 2 0.000000 -1 0 0 
5 48 8605.104492 91.564819 3266.060059 8 55 1 8574 3203 8628 3288 1 30 1 24 1 1 2 0.000000 -1 0 0 
5 48 8578.098633 99.817596 3148.505127 8 55 1 8552 3103 8605 3209 1 30 1 24 1 1 2 0.000000 -1 0 0 
5 49 8615.474609 100.000000 3104.778564 8 55 1 8586 3074 8681 3128 1 30 1 24 1 1 2 0.000000 -1 0 0 
5 50 8664.988281 95.878265 3231.600342 8 55 1 8616 3155 8699 3252 1 30 1 24 1 1 2 0.000000 -1 0 0 
5 120 8306.038086 100.341278 3191.416992 5 55 1 8280 3161 8329 3241 1 30 1 24 1 1 2 0.000000 -1 0 0 
5 305 8371.693359 115.196663 3390.264160 8 80 0 8273 3321 8438 3415 1 30 1 24 1 1 2 0.000000 -1 0 0 
5 305 8662.074219 143.979279 3491.492432 8 80 0 8593 3445 8696 3536 1 30 1 24 1 1 2 0.000000 -1 0 0 
5 305 8588.219727 115.453804 3314.571045 8 80 0 8509 3289 8612 3392 1 30 1 24 1 1 2 0.000000 -1 0 0 
5 306 8465.976563 161.300995 3075.069336 8 80 0 8381 3029 8510 3123 1 30 1 24 1 1 2 0.000000 -1 0 0 
5 577 8440.975586 105.607544 3203.599365 2 55 0 8427 3192 8458 3225 1 30 1 24 1 1 2 0.000000 -1 0 0 
5 577 8497.771484 107.504837 3197.092529 2 55 0 8482 3182 8514 3214 1 30 1 24 1 1 2 0.000000 -1 0 0 
5 577 8446.195313 105.607544 3166.081787 2 55 0 8421 3138 8452 3170 1 30 1 24 1 1 2 0.000000 -1 0 0 
5 577 8381.309570 105.396133 3197.373047 2 55 0 8365 3187 8398 3218 1 30 1 24 1 1 2 0.000000 -1 0 0 
5 577 8377.875000 108.430710 3150.433350 2 55 0 8366 3130 8396 3161 1 30 1 24 1 1 2 0.000000 -1 0 0 
5 578 8492.460938 113.665619 3193.986328 2 55 0 8483 3182 8513 3215 1 30 1 24 1 1 2 0.000000 -1 0 0 
5 578 8443.427734 105.607544 3204.897949 2 55 0 8426 3194 8458 3225 1 30 1 24 1 1 2 0.000000 -1 0 0 
5 578 8433.764648 105.607552 3154.406494 2 55 0 8423 3138 8453 3169 1 30 1 24 1 1 2 0.000000 -1 0 0 
5 578 8377.378906 104.988083 3196.912598 2 55 0 8367 3187 8397 3219 1 30 1 24 1 1 2 0.000000 -1 0 0 
5 578 8378.131836 106.318771 3144.480713 2 55 0 8366 3131 8397 3162 1 30 1 24 1 1 2 0.000000 -1 0 0 
5 579 8372.342773 110.028419 3194.206055 1 55 1 8364 3185 8398 3216 1 30 1 24 1 1 2 0.000000 -1 0 0 
5 579 8438.407227 105.607544 3206.012939 1 55 1 8427 3195 8456 3226 1 30 1 24 1 1 2 0.000000 -1 0 0 
5 579 8495.077148 110.365318 3190.492188 1 55 1 8481 3180 8512 3215 1 30 1 24 1 1 2 0.000000 -1 0 0 
5 579 8438.267578 105.607544 3153.814209 1 55 1 8422 3139 8453 3170 1 30 1 24 1 1 2 0.000000 -1 0 0 
5 579 8376.232422 106.624298 3141.995117 1 55 1 8367 3130 8398 3162 1 30 1 24 1 1 2 0.000000 -1 0 0 
5 580 8404.226563 105.777512 3181.290771 1 2100 1 8359 3133 8485 3229 1 30 1 24 1 1 2 0.000000 -1 0 0 
5 1021 8562.794922 100.000000 3559.870605 1 1 0 8560 3556 8567 3562 1 30 1 24 1 1 8 0.000000 -1 0 0 
5 752 8621.985352 100.000000 3557.548584 1 120 0 8614 3551 8627 3561 1 30 1 24 1 1 2 0.000000 -1 0 0 
5 811 8440.828125 93.508484 3351.601563 3 60 0 8433 3346 8464 3372 1 30 1 24 1 1 2 0.000000 -1 0 0 
5 811 8633.597656 101.942764 3117.449219 3 60 0 8608 3097 8644 3127 1 30 1 24 1 1 2 0.000000 -1 0 0 
5 811 8428.752930 105.607552 3146.729248 3 60 0 8423 3134 8445 3154 1 30 1 24 1 1 2 0.000000 -1 0 0 
5 1021 8571.123047 100.000000 3559.680420 1 1 0 8568 3556 8572 3560 1 30 1 24 1 1 8 0.000000 -1 0 0 
5 1021 8482.786133 100.000000 3560.998779 1 1 0 8480 3560 8485 3566 1 30 1 24 1 1 8 0.000000 -1 0 0 
5 1021 8445.944336 100.000000 3560.799561 1 1 0 8444 3560 8448 3565 1 30 1 24 1 1 8 0.000000 -1 0 0 
5 50 8710.034180 99.553772 3136.448975 10 55 1 8656 3100 8732 3160 1 30 1 24 1 1 2 0.000000 -1 0 0 
5 51 8715.237305 97.916870 3213.869141 1 2100 1 8588 3123 8736 3254 1 30 1 24 1 1 2 0.000000 -1 0 0 
5 305 8853.926758 167.181244 3261.678223 8 80 0 8798 3219 8909 3313 1 30 1 24 1 1 2 0.000000 -1 0 0 
5 306 8746.686523 126.001289 3286.714600 8 80 0 8661 3253 8768 3308 1 30 1 24 1 1 2 0.000000 -1 0 0 
5 811 8997.465820 162.305084 3088.421387 3 60 0 8980 3071 9012 3098 1 30 1 24 1 1 2 0.000000 -1 0 0 
4 18140 6698.874023 114.649368 3650.284668 1 60 0 6696 3648 6701 3656 1 30 1 24 1 1 2 0.000000 -1 0 0 
4 10387 6667.714355 114.649368 3653.214355 1 60 0 6664 3652 6672 3657 1 30 1 24 1 1 2 0.000000 -1 0 0 
5 24 7127.916504 106.885429 3591.235352 8 55 0 7100 3564 7174 3604 1 30 1 24 1 1 2 0.000000 -1 0 0 
5 25 7157.090820 107.152924 3611.415039 8 55 0 7133 3584 7171 3639 1 30 1 24 1 1 2 0.000000 -1 0 0 
5 27 6669.107910 114.611832 3622.423340 1 2100 1 6656 3495 6725 3650 1 30 1 24 1 1 2 0.000000 -1 0 0 
5 28 7011.686035 105.881378 3679.812012 8 55 1 6984 3652 7032 3700 1 30 1 24 1 1 2 0.000000 -1 0 0 
5 28 7054.413086 113.174408 3677.267578 8 55 1 7028 3666 7097 3692 1 30 1 24 1 1 2 0.000000 -1 0 0 
5 28 7118.409180 116.634888 3719.760254 8 55 1 7098 3696 7142 3733 1 30 1 24 1 1 2 0.000000 -1 0 0 
5 28 6973.182129 104.240982 3648.382080 8 55 1 6948 3638 7027 3672 1 30 1 24 1 1 2 0.000000 -1 0 0 
5 28 6799.221191 100.374100 3635.352783 8 55 1 6789 3613 6805 3668 1 30 1 24 1 1 2 0.000000 -1 0 0 
5 29 7021.729004 114.831291 3726.338623 8 55 1 6996 3703 7051 3748 1 30 1 24 1 1 2 0.000000 -1 0 0 
5 29 7067.148438 114.664627 3732.862549 8 55 1 7040 3722 7095 3750 1 30 1 24 1 1 2 0.000000 -1 0 0 
5 29 7135.584473 118.718369 3782.053223 8 55 1 7124 3762 7171 3789 1 30 1 24 1 1 2 0.000000 -1 0 0 
5 30 7033.387695 110.855736 3781.447266 8 55 1 6986 3765 7048 3792 1 30 1 24 1 1 2 0.000000 -1 0 0 
5 30 7080.489746 105.614311 3789.446777 8 55 1 7067 3766 7104 3811 1 30 1 24 1 1 2 0.000000 -1 0 0 
5 30 7049.118652 105.032791 3796.710693 8 55 1 7019 3772 7072 3805 1 30 1 24 1 1 2 0.000000 -1 0 0 
5 31 7016.956055 98.225372 3791.213135 1 2100 1 6999 3735 7114 3808 1 30 1 24 1 1 2 0.000000 -1 0 0 
5 32 6817.130371 100.000000 3701.385254 8 55 1 6792 3676 6840 3724 1 30 1 24 1 1 2 0.000000 -1 0 0 
5 32 6839.498535 100.000000 3743.124512 8 55 1 6812 3716 6860 3764 1 30 1 24 1 1 2 0.000000 -1 0 0 
5 32 6883.985840 100.738541 3744.527832 8 55 1 6856 3720 6892 3785 1 30 1 24 1 1 2 0.000000 -1 0 0 
5 33 6856.238770 100.795082 3785.991211 8 55 1 6832 3760 6880 3808 1 30 1 24 1 1 2 0.000000 -1 0 0 
5 33 6904.971680 100.788879 3805.895264 8 55 1 6880 3780 6928 3828 1 30 1 24 1 1 2 0.000000 -1 0 0 
5 34 6863.882813 103.812408 3836.558105 8 55 1 6836 3812 6884 3860 1 30 1 24 1 1 2 0.000000 -1 0 0 
5 34 6822.782227 100.938553 3795.608398 8 55 1 6796 3768 6844 3816 1 30 1 24 1 1 2 0.000000 -1 0 0 
5 35 6822.983398 102.491394 3814.173828 1 2100 1 6811 3766 6897 3850 1 30 1 24 1 1 2 0.000000 -1 0 0 
5 37 7112.395996 129.584610 3889.938965 8 55 1 7088 3868 7159 3918 1 30 1 24 1 1 2 0.000000 -1 0 0 
5 37 7037.569336 121.584717 3994.260498 8 55 1 7025 3898 7098 4016 1 30 1 24 1 1 2 0.000000 -1 0 0 
5 38 7048.689941 145.935486 4040.177734 8 55 1 7034 4013 7094 4065 1 30 1 24 1 1 2 0.000000 -1 0 0 
5 39 7053.078125 150.925308 4090.636719 1 2100 1 7025 3960 7082 4143 1 30 1 24 1 1 2 0.000000 -1 0 0 
5 304 6907.950684 114.399956 3702.792480 8 80 0 6864 3655 6957 3744 1 30 1 24 1 1 2 0.000000 -1 0 0 
5 524 6957.527832 99.497955 3707.098389 2 55 0 6935 3669 6974 3753 1 30 1 24 1 1 2 0.000000 -1 0 0 
5 524 6846.805664 99.858147 3668.983398 2 55 0 6828 3645 6860 3712 1 30 1 24 1 1 2 0.000000 -1 0 0 
5 811 7158.857910 111.135788 3632.048584 3 60 0 7147 3625 7166 3642 1 30 1 24 1 1 2 0.000000 -1 0 0 
5 811 7096.413086 115.195557 3747.444580 3 60 0 7082 3733 7109 3759 1 30 1 24 1 1 2 0.000000 -1 0 0 
5 811 7045.091309 117.196121 3905.794678 3 60 0 7020 3901 7071 3916 1 30 1 24 1 1 2 0.000000 -1 0 0 
5 811 6840.571777 103.130325 3830.640137 3 60 0 6829 3821 6855 3841 1 30 1 24 1 1 2 0.000000 -1 0 0 
5 815 6685.024902 114.649445 3642.214355 3 180 1 6679 3630 6695 3648 1 30 1 24 1 1 2 0.000000 -1 0 0 
4 18104 8116.442871 100.922783 1857.317505 1 300 0 8116 1856 8121 1862 1 30 1 24 1 1 2 0.000000 -1 0 0 
4 18104 8136.153809 100.947327 1832.500366 1 300 0 8135 1832 8139 1836 1 30 1 24 1 1 2 0.000000 -1 0 0 
4 18104 8171.781738 101.453705 1868.263550 1 300 0 8168 1868 8176 1874 1 30 1 24 1 1 2 0.000000 -1 0 0 
5 528 8079.118164 107.750580 1937.477783 10 55 1 8052 1889 8194 1973 1 30 1 24 1 1 2 0.000000 -1 0 0 
5 529 8013.018066 103.030273 1993.256958 10 55 1 7980 1926 8066 2027 1 30 1 24 1 1 2 0.000000 -1 0 0 
5 811 8092.967773 103.023788 1878.700073 3 60 0 8089 1864 8116 1900 1 30 1 24 1 1 2 0.000000 -1 0 0 
5 651 3016.812256 71.095688 2479.061768 12 55 1 2964 2422 3045 2539 1 30 1 24 1 1 2 0.000000 -1 0 0 
5 651 2984.664551 88.677612 2248.556641 10 55 1 2933 2229 3033 2361 1 30 1 24 1 1 2 0.000000 -1 0 0 
5 652 2881.031250 100.293533 2461.606934 15 55 1 2829 2320 2985 2513 1 30 1 24 1 1 2 0.000000 -1 0 0 
5 653 2928.980957 88.826012 2480.141846 1 2100 1 2848 2410 3024 2558 1 30 1 24 1 1 2 0.000000 -1 0 0 
5 610 3114.327881 80.000000 2350.178223 5 55 1 3106 2324 3143 2377 1 30 1 24 1 1 2 0.000000 -1 0 0 
5 610 3184.780029 80.000000 2348.514893 6 55 1 3145 2306 3233 2398 1 30 1 24 1 1 2 0.000000 -1 0 0 
5 610 3343.735352 93.999992 2556.138428 4 55 1 3326 2497 3365 2617 1 30 1 24 1 1 2 0.000000 -1 0 0 
5 611 3166.706543 81.000000 2404.889160 5 55 1 3151 2380 3190 2442 1 30 1 24 1 1 2 0.000000 -1 0 0 
5 611 3165.183594 86.000008 2277.377441 5 55 1 3143 2244 3197 2329 1 30 1 24 1 1 2 0.000000 -1 0 0 
5 612 3155.098389 80.000000 2501.239990 5 55 1 3129 2491 3199 2520 1 30 1 24 1 1 2 0.000000 -1 0 0 
5 612 3156.072510 82.078682 2198.399902 5 55 1 3139 2099 3167 2216 1 30 1 24 1 1 2 0.000000 -1 0 0 
5 613 3167.279785 80.000000 2344.496338 1 2100 1 3140 2159 3197 2520 1 30 1 24 1 1 2 0.000000 -1 0 0 
5 663 3246.041748 70.000000 2524.753906 1 60 0 3234 2521 3255 2535 1 30 1 24 1 1 2 0.000000 -1 0 0 
4 18179 2965.413574 97.268127 3042.936523 1 60 0 2964 3040 2969 3047 1 30 1 24 1 1 2 0.000000 -1 0 0 
5 608 3065.381836 100.000000 2781.765381 5 55 2 2941 2742 3113 2827 1 30 1 24 1 1 2 0.000000 -1 0 0 
5 608 3001.949707 93.362823 3007.511719 6 55 1 2954 2930 3137 3069 1 30 1 24 1 1 2 0.000000 -1 0 0 
5 650 2968.711426 99.327530 2618.276855 12 55 1 2935 2557 2997 2757 1 30 1 24 1 1 2 0.000000 -1 0 0 
5 650 2892.393311 102.813995 2563.120361 10 55 1 2827 2518 2983 2562 1 30 1 24 1 1 2 0.000000 -1 0 0 
5 689 2959.816406 98.787521 2753.429443 1 60 0 2956 2752 2967 2757 1 30 1 24 1 1 2 0.000000 -1 0 0 
5 614 3409.341064 88.077759 2884.669189 4 55 1 3335 2855 3451 2900 1 30 1 24 1 1 2 0.000000 -1 0 0 
5 614 3550.783691 84.439636 2897.224609 4 55 1 3516 2873 3604 2919 1 30 1 24 1 1 2 0.000000 -1 0 0 
5 616 3531.255859 88.553581 2601.792236 4 55 1 3499 2585 3602 2619 1 30 1 24 1 1 2 0.000000 -1 0 0 
5 616 3477.903564 87.065796 2656.812500 4 55 1 3457 2636 3489 2746 1 30 1 24 1 1 2 0.000000 -1 0 0 
5 642 3405.300537 79.184998 3056.960693 8 55 2 3329 2980 3440 3101 1 30 1 24 1 1 2 0.000000 -1 0 0 
5 642 3284.348633 90.000000 2988.769531 4 55 1 3225 2955 3408 3012 1 30 1 24 1 1 2 0.000000 -1 0 0 
5 643 3342.642334 82.047409 2891.882324 6 55 1 3314 2816 3405 2935 1 30 1 24 1 1 2 0.000000 -1 0 0 
5 643 3266.301270 81.935150 2868.761719 7 55 1 3219 2823 3332 2926 1 30 1 24 1 1 2 0.000000 -1 0 0 
5 644 3317.791504 69.981682 2733.890869 7 55 2 3225 2723 3340 2793 1 30 1 24 1 1 2 0.000000 -1 0 0 
5 644 3430.497803 71.396881 2732.818115 5 55 1 3370 2704 3502 2778 1 30 1 24 1 1 2 0.000000 -1 0 0 
5 645 3309.337891 68.181671 2825.224609 1 2100 1 3217 2693 3406 2929 1 30 1 24 1 1 2 0.000000 -1 0 0 
5 615 3589.522461 74.556519 2839.723389 4 55 1 3559 2817 3615 2874 1 30 1 24 1 1 2 0.000000 -1 0 0 
5 615 3607.134766 75.000000 2754.837646 5 55 1 3592 2656 3621 2810 1 30 1 24 1 1 2 0.000000 -1 0 0 
5 616 3596.323486 77.717285 2622.300781 4 55 1 3572 2596 3625 2664 1 30 1 24 1 1 2 0.000000 -1 0 0 
5 617 3606.286377 75.000000 2652.229492 1 2100 1 3591 2598 3616 2891 1 30 1 24 1 1 2 0.000000 -1 0 0 
5 622 3890.939209 70.306396 3071.240723 5 55 1 3859 3030 3939 3164 1 30 1 24 1 1 2 0.000000 -1 0 0 
5 647 4066.499512 50.146027 3050.797119 10 55 2 4013 2977 4119 3102 1 30 1 24 1 1 2 0.000000 -1 0 0 
5 520 4069.979248 109.890381 2701.251465 10 45 3 4044 2670 4130 2724 1 30 1 24 1 1 2 0.000000 -1 0 0 
5 522 4076.331543 106.374466 2686.816895 5 35 2 4052 2671 4181 2715 1 30 1 24 1 1 2 0.000000 -1 0 0 
5 521 4072.554443 109.452766 2692.069580 10 45 3 4048 2670 4155 2722 1 30 1 24 1 1 2 0.000000 -1 0 0 
5 634 3919.858398 105.100769 2641.942871 20 45 6 3909 2557 4030 2739 1 30 1 24 1 1 2 0.000000 -1 0 0 
5 635 3928.367676 104.127853 2640.969727 20 45 6 3917 2565 4021 2727 1 30 1 24 1 1 2 0.000000 -1 0 0 
5 636 3939.754150 104.365959 2640.111572 10 35 4 3929 2574 4012 2715 1 30 1 24 1 1 2 0.000000 -1 0 0 
5 637 3948.331787 104.151581 2641.964355 10 35 4 3936 2582 4005 2701 1 30 1 24 1 1 2 0.000000 -1 0 0 
5 838 3967.606689 106.564911 2639.836914 1 2100 1 3946 2598 3998 2682 1 30 1 24 1 1 2 0.000000 -1 0 0 
5 523 4084.786865 102.939346 2687.714355 5 35 2 4060 2669 4177 2710 1 30 1 24 1 1 2 0.000000 -1 0 0 
5 523 4063.965820 109.355560 2618.602295 2 35 1 4052 2608 4081 2636 1 30 1 24 1 1 2 0.000000 -1 0 0 
5 828 3940.881592 147.095261 2830.178467 20 45 6 3940 2752 4053 2898 1 30 1 24 1 1 2 0.000000 -1 0 0 
5 829 3948.325928 145.016922 2825.839844 20 45 6 3933 2771 4040 2872 1 30 1 24 1 1 2 0.000000 -1 0 0 
5 830 3957.218750 143.560394 2828.697998 10 35 4 3926 2783 4033 2857 1 30 1 24 1 1 2 0.000000 -1 0 0 
5 831 3965.587646 141.742432 2831.001465 10 35 4 3923 2787 4027 2849 1 30 1 24 1 1 2 0.000000 -1 0 0 
5 832 3975.861328 134.836700 2820.296387 1 2100 1 3948 2795 4011 2844 1 30 1 24 1 1 2 0.000000 -1 0 0 
5 522 4063.394043 109.140892 2615.214600 2 35 1 4049 2600 4081 2636 1 30 1 24 1 1 2 0.000000 -1 0 0 
5 521 4062.651123 108.840714 2611.094482 3 45 1 4041 2588 4082 2636 1 30 1 24 1 1 2 0.000000 -1 0 0 
5 520 4062.660889 108.221588 2605.834717 3 45 1 4032 2594 4081 2637 1 30 1 24 1 1 2 0.000000 -1 0 0 
5 624 4151.031738 106.751839 2955.892578 10 55 2 4089 2952 4228 3041 1 30 1 24 1 1 2 0.000000 -1 0 0 
5 623 4107.655762 66.441658 3048.957275 8 55 1 4065 2995 4153 3140 1 30 1 24 1 1 2 0.000000 -1 0 0 
5 648 4120.186035 95.615028 2932.085938 10 55 2 3979 2932 4159 3030 1 30 1 24 1 1 2 0.000000 -1 0 0 
5 833 4145.445313 97.984589 2832.557617 20 45 6 4074 2747 4205 2913 1 30 1 24 1 1 2 0.000000 -1 0 0 
5 834 4141.126465 98.683228 2824.872803 20 45 6 4083 2754 4198 2899 1 30 1 24 1 1 2 0.000000 -1 0 0 
5 835 4135.657227 99.190933 2817.681396 10 35 4 4088 2760 4189 2889 1 30 1 24 1 1 2 0.000000 -1 0 0 
5 836 4145.571289 99.303391 2813.886719 10 35 4 4099 2768 4183 2873 1 30 1 24 1 1 2 0.000000 -1 0 0 
5 837 4139.333008 99.516266 2811.108643 1 2100 1 4112 2784 4169 2850 1 30 1 24 1 1 2 0.000000 -1 0 0 
5 839 4134.688965 99.127609 2666.772217 1 2100 1 4108 2612 4162 2688 1 30 1 24 1 1 2 0.000000 -1 0 0 
5 523 4135.896484 100.000000 2656.855957 3 35 2 4111 2609 4164 2669 1 30 1 24 1 1 2 0.000000 -1 0 0 
5 522 4135.803223 100.003143 2650.747803 3 35 2 4109 2605 4166 2656 1 30 1 24 1 1 2 0.000000 -1 0 0 
5 521 4097.090820 100.000000 2573.065430 5 45 2 4038 2564 4155 2593 1 30 1 24 1 1 2 0.000000 -1 0 0 
5 521 4136.072754 100.266418 2643.445801 7 45 2 4110 2592 4168 2668 1 30 1 24 1 1 2 0.000000 -1 0 0 
5 520 4097.218750 100.000000 2569.979492 5 45 1 4033 2567 4153 2593 1 30 1 24 1 1 2 0.000000 -1 0 0 
5 520 4135.962402 100.603706 2638.434814 7 45 2 4110 2595 4169 2670 1 30 1 24 1 1 2 0.000000 -1 0 0 
5 596 2857.283691 71.299774 3424.989746 10 55 1 2772 3341 2898 3513 1 30 1 24 1 1 2 0.000000 -1 0 0 
5 606 2948.890869 76.687668 3170.670654 7 55 1 2922 3127 3088 3197 1 30 1 24 1 1 2 0.000000 -1 0 0 
5 607 2939.560791 90.356232 3082.455566 5 55 1 2885 3016 2957 3132 1 30 1 24 1 1 2 0.000000 -1 0 0 
5 607 3021.880859 87.569366 3092.982422 4 55 1 3004 3036 3065 3146 1 30 1 24 1 1 2 0.000000 -1 0 0 
5 609 3018.160889 90.806107 3074.677246 1 2100 1 2951 3021 3150 3207 1 30 1 24 1 1 2 0.000000 -1 0 0 
5 602 3501.287354 45.179001 3493.511719 10 55 1 3476 3378 3599 3557 1 30 1 24 1 1 2 0.000000 -1 0 0 
5 603 3486.970215 55.365234 3346.085938 12 55 0 3445 3255 3577 3410 1 30 1 24 1 1 2 0.000000 -1 0 0 
5 604 3551.003906 59.000000 3184.457520 20 55 1 3489 3117 3604 3273 1 30 1 24 1 1 2 0.000000 -1 0 0 
5 605 3552.094727 51.576614 3315.316162 1 2100 1 3479 3175 3642 3423 1 30 1 24 1 1 2 0.000000 -1 0 0 
5 606 3215.183105 28.463905 3216.997070 7 55 1 3166 3164 3318 3267 1 30 1 24 1 1 2 0.000000 -1 0 0 
5 1021 3206.584717 10.088539 3434.720215 1 1 0 3202 3432 3213 3438 1 30 1 24 1 1 8 0.000000 -1 0 0 
5 1021 3234.031738 11.122087 3420.994629 1 1 0 3232 3419 3238 3427 1 30 1 24 1 1 8 0.000000 -1 0 0 
5 646 3950.685059 25.489166 3104.958984 2 200 1 3905 3030 4006 3165 1 30 1 24 1 1 2 0.000000 -1 0 0 
5 618 3833.597900 38.543610 3480.051514 10 100 2 3626 3427 3956 3542 1 30 1 24 1 1 2 0.000000 -1 0 0 
5 621 3870.978271 28.672882 3546.694580 1 3600 1 3794 3437 3933 3668 1 30 1 24 1 1 2 0.000000 -1 0 0 
5 620 4082.691162 31.633026 3578.848877 10 100 2 4035 3463 4088 3638 1 30 1 24 1 1 2 0.000000 -1 0 0 
5 619 3986.086182 30.812790 3477.199951 5 100 1 3913 3438 4062 3513 1 30 1 24 1 1 2 0.000000 -1 0 0 
5 602 3675.741943 32.751831 3432.575684 15 100 1 3610 3346 3741 3502 1 30 1 24 1 1 2 0.000000 -1 0 0 
5 603 3615.204834 42.752808 3282.264893 12 55 1 3557 3215 3682 3351 1 30 1 24 1 1 2 0.000000 -1 0 0 
5 594 2756.586426 52.715668 3973.656250 15 55 1 2660 3891 2826 3996 1 30 1 24 1 1 2 0.000000 -1 0 0 
5 594 2978.018555 47.395203 3997.965088 15 55 2 2846 3982 3104 4045 1 30 1 24 1 1 2 0.000000 -1 0 0 
5 595 2692.882813 48.050720 3828.550049 15 55 1 2600 3781 2819 3852 1 30 1 24 1 1 2 0.000000 -1 0 0 
5 595 3023.730957 47.108856 3834.812744 12 55 1 2874 3760 3127 3864 1 30 1 24 1 1 2 0.000000 -1 0 0 
5 596 2702.896484 49.519985 3621.377930 10 55 1 2572 3546 2784 3693 1 30 1 24 1 1 2 0.000000 -1 0 0 
5 596 2945.019287 58.425446 3683.898438 10 55 1 2866 3584 3079 3752 1 30 1 24 1 1 2 0.000000 -1 0 0 
5 596 2841.267090 41.156342 3836.413086 15 55 2 2792 3747 2930 3900 1 30 1 24 1 1 2 0.000000 -1 0 0 
5 597 2865.446777 40.388916 3837.524170 1 2100 1 2669 3670 2981 3977 1 30 1 24 1 1 2 0.000000 -1 0 0 
5 626 3276.753662 37.615723 3838.946045 12 55 1 3106 3823 3340 3945 1 30 1 24 1 1 2 0.000000 -1 0 0 
5 626 3176.423340 36.806091 3745.168701 10 55 1 3036 3708 3266 3772 1 30 1 24 1 1 2 0.000000 -1 0 0 
5 627 3371.276123 37.849640 3681.832275 15 55 1 3334 3631 3445 3761 1 30 1 24 1 1 2 0.000000 -1 0 0 
5 627 3412.439209 36.755157 3829.118652 12 55 1 3319 3725 3463 3913 1 30 1 24 1 1 2 0.000000 -1 0 0 
5 628 3471.683838 35.017670 3785.144531 20 55 2 3434 3583 3550 3871 1 30 1 24 1 1 2 0.000000 -1 0 0 
5 629 3425.087402 36.233093 3783.379395 1 2100 1 3245 3633 3558 3879 1 30 1 24 1 1 2 0.000000 -1 0 0 
4 18180 2653.900391 63.802326 4585.077637 1 60 0 2652 4584 2656 4590 1 30 1 24 1 1 2 0.000000 -1 0 0 
5 630 2583.155518 59.859161 4256.065430 2 55 0 2556 4212 2610 4267 1 30 1 24 1 1 2 0.000000 -1 0 0 
5 630 2629.250977 62.755836 4355.529785 3 55 1 2587 4330 2643 4384 1 30 1 24 1 1 2 0.000000 -1 0 0 
5 630 2888.159912 56.779388 4255.181152 4 55 1 2860 4235 2942 4268 1 30 1 24 1 1 2 0.000000 -1 0 0 
5 630 2804.787842 2.236450 4241.290039 2 55 2 2783 4215 2826 4284 1 30 1 24 1 1 2 0.000000 -1 0 0 
5 631 2984.423340 55.000000 4265.493652 2 55 0 2977 4240 3008 4333 1 30 1 24 1 1 2 0.000000 -1 0 0 
5 631 3063.250732 60.009216 4313.164063 3 55 1 3010 4306 3127 4333 1 30 1 24 1 1 2 0.000000 -1 0 0 
5 631 3071.900635 58.424591 4209.245117 8 55 0 3044 4205 3147 4229 1 30 1 24 1 1 2 0.000000 -1 0 0 
5 639 2957.358154 59.376297 4532.837891 8 55 1 2911 4475 2984 4587 1 30 1 24 1 1 2 0.000000 -1 0 0 
5 640 2573.031250 49.331924 4550.796387 3 55 1 2570 4481 2599 4606 1 30 1 24 1 1 2 0.000000 -1 0 0 
5 641 2576.656738 44.977325 4571.216797 1 2100 1 2485 4439 2865 4655 1 30 1 24 1 1 2 0.000000 -1 0 0 
5 640 2922.730225 51.048370 4402.064453 8 55 1 2913 4379 2971 4482 1 30 1 24 1 1 2 0.000000 -1 0 0 
5 639 2772.839844 53.716888 4511.890625 8 55 1 2754 4489 2791 4580 1 30 1 24 1 1 2 0.000000 -1 0 0 
5 575 3568.470947 60.867050 4606.435547 1 55 1 3555 4582 3598 4617 1 30 1 24 1 1 2 0.000000 -1 0 0 
5 598 3264.176514 70.032120 4189.036621 4 55 1 3197 4166 3288 4220 1 30 1 24 1 1 2 0.000000 -1 0 0 
5 598 3266.722656 61.859161 4322.520996 4 55 1 3197 4306 3288 4350 1 30 1 24 1 1 2 0.000000 -1 0 0 
5 599 3347.677002 79.187210 4330.059082 5 55 1 3294 4265 3368 4352 1 30 1 24 1 1 2 0.000000 -1 0 0 
5 599 3337.309814 67.181625 4175.196777 4 55 1 3262 4148 3373 4202 1 30 1 24 1 1 2 0.000000 -1 0 0 
5 600 3365.052246 61.877365 4240.145996 8 55 2 3290 4199 3433 4257 1 30 1 24 1 1 2 0.000000 -1 0 0 
5 601 3343.864502 61.283524 4233.438477 1 2100 1 3256 4178 3409 4330 1 30 1 24 1 1 2 0.000000 -1 0 0 
5 632 3178.751953 66.428329 4299.910156 5 55 1 3134 4256 3216 4334 1 30 1 24 1 1 2 0.000000 -1 0 0 
5 632 3176.750488 60.093262 4214.618652 4 55 1 3110 4181 3200 4262 1 30 1 24 1 1 2 0.000000 -1 0 0 
5 633 3157.572998 62.763062 4240.979492 1 2100 1 3127 4174 3240 4352 1 30 1 24 1 1 2 0.000000 -1 0 0 
4 18171 2984.939453 49.322590 4771.963867 1 60 0 2984 4768 2990 4773 1 30 1 24 1 1 2 0.000000 -1 0 0 
5 638 2922.183838 63.084991 4750.445801 4 55 1 2854 4742 2987 4762 1 30 1 24 1 1 2 0.000000 -1 0 0 
5 638 2976.374023 53.272751 4633.315430 5 55 1 2960 4581 2988 4712 1 30 1 24 1 1 2 0.000000 -1 0 0 
5 638 2805.520752 48.098015 4664.699707 8 55 0 2780 4631 2850 4697 1 30 1 24 1 1 2 0.000000 -1 0 0 
5 560 3491.119629 40.000000 4781.000488 2 55 0 3467 4766 3513 4798 1 30 1 24 1 1 2 0.000000 -1 0 0 
5 560 3454.731934 40.000000 4691.789551 2 55 0 3434 4670 3473 4707 1 30 1 24 1 1 2 0.000000 -1 0 0 
5 560 3390.054443 59.000000 4786.200195 2 55 0 3371 4773 3410 4801 1 30 1 24 1 1 2 0.000000 -1 0 0 
5 560 3393.264893 45.027679 4881.012207 2 55 0 3370 4867 3409 4896 1 30 1 24 1 1 2 0.000000 -1 0 0 
5 560 3500.968750 61.389797 4876.024902 2 55 0 3469 4864 3510 4894 1 30 1 24 1 1 2 0.000000 -1 0 0 
5 561 3388.855225 59.000000 4778.800293 2 55 0 3370 4775 3408 4801 1 30 1 24 1 1 2 0.000000 -1 0 0 
5 561 3489.343994 40.000000 4777.263672 2 55 0 3466 4767 3513 4798 1 30 1 24 1 1 2 0.000000 -1 0 0 
5 561 3453.145996 40.000000 4686.279297 2 55 0 3434 4669 3474 4705 1 30 1 24 1 1 2 0.000000 -1 0 0 
5 561 3377.606201 45.000000 4875.360840 2 55 0 3368 4864 3410 4896 1 30 1 24 1 1 2 0.000000 -1 0 0 
5 561 3493.446533 60.829727 4879.090332 2 55 0 3471 4864 3509 4893 1 30 1 24 1 1 2 0.000000 -1 0 0 
5 562 3386.139893 45.001785 4881.447754 1 55 1 3369 4864 3408 4897 1 30 1 24 1 1 2 0.000000 -1 0 0 
5 562 3493.991455 40.000000 4778.953613 1 55 1 3466 4766 3514 4796 1 30 1 24 1 1 2 0.000000 -1 0 0 
5 562 3446.667725 40.000000 4687.828125 1 55 1 3434 4669 3475 4704 1 30 1 24 1 1 2 0.000000 -1 0 0 
5 562 3379.060059 59.000000 4789.448730 1 55 1 3368 4775 3408 4801 1 30 1 24 1 1 2 0.000000 -1 0 0 
5 562 3492.843018 59.755432 4873.738281 1 55 1 3471 4866 3510 4892 1 30 1 24 1 1 2 0.000000 -1 0 0 
5 563 3417.245361 59.000000 4818.874023 1 2100 1 3383 4752 3495 4902 1 30 1 24 1 1 2 0.000000 -1 0 0 
5 564 3309.734619 61.738846 4780.586426 2 55 0 3306 4766 3343 4797 1 30 1 24 1 1 2 0.000000 -1 0 0 
5 564 3224.250977 10.733874 4720.404297 2 55 0 3215 4702 3254 4733 1 30 1 24 1 1 2 0.000000 -1 0 0 
5 564 3161.272705 14.918701 4715.415039 2 55 0 3143 4693 3182 4731 1 30 1 24 1 1 2 0.000000 -1 0 0 
5 564 3283.867920 61.854675 4842.136230 2 55 0 3272 4826 3308 4857 1 30 1 24 1 1 2 0.000000 -1 0 0 
5 564 3308.726563 45.601318 4901.403320 2 55 0 3295 4887 3330 4914 1 30 1 24 1 1 2 0.000000 -1 0 0 
5 564 3201.735840 17.727112 4815.142090 2 55 0 3184 4792 3227 4827 1 30 1 24 1 1 2 0.000000 -1 0 0 
5 565 3233.914795 7.235886 4715.348633 2 55 0 3213 4700 3254 4735 1 30 1 24 1 1 2 0.000000 -1 0 0 
5 565 3305.879639 62.804794 4784.500977 2 55 0 3304 4766 3340 4799 1 30 1 24 1 1 2 0.000000 -1 0 0 
5 565 3151.101074 15.015274 4712.399902 2 55 0 3140 4694 3182 4729 1 30 1 24 1 1 2 0.000000 -1 0 0 
5 565 3292.755615 62.204147 4846.149902 2 55 0 3274 4825 3310 4857 1 30 1 24 1 1 2 0.000000 -1 0 0 
5 565 3301.639893 49.055588 4897.593262 2 55 0 3292 4886 3331 4913 1 30 1 24 1 1 2 0.000000 -1 0 0 
5 565 3192.509277 16.353699 4806.391602 2 55 0 3184 4794 3226 4825 1 30 1 24 1 1 2 0.000000 -1 0 0 
5 566 3228.672363 9.796204 4711.634766 1 55 1 3214 4700 3254 4733 1 30 1 24 1 1 2 0.000000 -1 0 0 
5 566 3312.277344 61.757553 4788.655273 1 55 1 3304 4764 3340 4796 1 30 1 24 1 1 2 0.000000 -1 0 0 
5 566 3162.055664 15.477249 4708.646973 1 55 1 3142 4695 3181 4729 1 30 1 24 1 1 2 0.000000 -1 0 0 
5 566 3292.269775 60.637527 4839.765137 1 55 1 3275 4824 3311 4859 1 30 1 24 1 1 2 0.000000 -1 0 0 
5 566 3311.793213 45.247543 4896.705078 1 55 1 3294 4885 3329 4913 1 30 1 24 1 1 2 0.000000 -1 0 0 
5 566 3203.651367 17.268295 4803.007324 1 55 1 3185 4792 3224 4824 1 30 1 24 1 1 2 0.000000 -1 0 0 
5 567 3272.971436 60.418671 4802.085449 1 2100 1 3186 4721 3336 4862 1 30 1 24 1 1 2 0.000000 -1 0 0 
5 572 3563.445801 59.981522 4608.193359 2 55 0 3552 4581 3598 4616 1 30 1 24 1 1 2 0.000000 -1 0 0 
5 572 3566.166016 62.948318 4825.788574 2 55 2 3541 4805 3580 4845 1 30 1 24 1 1 2 0.000000 -1 0 0 
5 573 3569.436523 61.000000 4611.662109 2 55 0 3554 4581 3597 4616 1 30 1 24 1 1 2 0.000000 -1 0 0 
5 573 3566.009033 63.613678 4821.918945 2 55 0 3540 4806 3581 4847 1 30 1 24 1 1 2 0.000000 -1 0 0 
5 575 3560.000244 63.875854 4824.707031 1 55 1 3542 4804 3582 4844 1 30 1 24 1 1 2 0.000000 -1 0 0 
5 93 8315.852539 118.073112 2001.588379 10 55 1 8288 1976 8384 2082 1 30 1 24 1 1 2 0.000000 -1 0 0 
5 94 8218.427734 107.404320 1976.017334 10 55 1 8192 1937 8282 2017 1 30 1 24 1 1 2 0.000000 -1 0 0 
5 94 8325.248047 102.058273 1861.230225 10 55 1 8286 1836 8361 1977 1 30 1 24 1 1 2 0.000000 -1 0 0 
5 95 8280.384766 108.068222 1948.008667 1 2100 1 8201 1852 8365 2022 1 30 1 24 1 1 2 0.000000 -1 0 0 
5 581 8665.439453 99.155457 2028.391602 2 55 0 8647 2009 8687 2048 1 30 1 24 1 1 2 0.000000 -1 0 0 
5 582 8663.596680 99.794418 2025.259888 2 55 0 8647 2010 8686 2051 1 30 1 24 1 1 2 0.000000 -1 0 0 
5 583 8672.009766 100.404633 2023.182739 1 55 1 8647 2010 8687 2048 1 30 1 24 1 1 2 0.000000 -1 0 0 
5 811 8372.889648 105.161285 2041.148315 6 60 0 8348 2016 8396 2064 1 30 1 24 1 1 2 0.000000 -1 0 0 
5 581 8734.071289 94.350281 2031.028320 2 55 0 8714 2009 8753 2048 1 30 1 24 1 1 2 0.000000 -1 0 0 
5 581 8796.792969 100.125824 2037.112671 2 55 0 8783 2013 8823 2057 1 30 1 24 1 1 2 0.000000 -1 0 0 
5 582 8730.186523 94.934738 2028.423340 2 55 0 8715 2010 8752 2049 1 30 1 24 1 1 2 0.000000 -1 0 0 
5 582 8801.611328 100.025635 2034.286499 2 55 0 8783 2015 8820 2057 1 30 1 24 1 1 2 0.000000 -1 0 0 
5 583 8733.447266 95.311234 2039.537598 1 55 1 8714 2009 8754 2050 1 30 1 24 1 1 2 0.000000 -1 0 0 
5 583 8806.041992 100.000839 2025.951416 1 55 1 8783 2014 8820 2056 1 30 1 24 1 1 2 0.000000 -1 0 0 
5 584 8720.129883 95.762634 2038.565308 1 2100 1 8659 1995 8799 2113 1 30 1 24 1 1 2 0.000000 -1 0 0 